# PlotEOS table
# Tabulated(filename=GShenFSU21app_ColdTable-TPR0.01-smooth.dat;)
# slice Temp = 0, global minimum enthalpy = 1.003194847361579
# Units are geometric, with Msun=1.
# Conversion to cgs: rhoscale=6.177e17, Energypermassscale=8.989e20, Pscale=5.552e38
# [1] rho
# [2] eps, specific energy (E/rho)
# [3] P
# [4] dP/drho
# [5] h, specific enthalpy (1+eps+P/rho)
# [6] cs, adiabatic relativistic sound speed (nonrelcs/sqrt(h))
1e-14  0.003194847361806673  3.370318317716037e-27  6.74064620841376e-13  1.003194847362144  8.184083316170106e-07  
1.056934553557987e-14  0.003194847361825898  3.765018480846009e-27  7.124409089881796e-13  1.003194847362182  8.413838751811528e-07  
1.117110650504822e-14  0.003194847361846251  4.205942261942361e-27  7.530020561070527e-13  1.003194847362223  8.65003786080775e-07  
1.180712846666191e-14  0.003194847361867447  4.698502945267242e-27  7.958724514287092e-13  1.003194847362265  8.89286117133912e-07  
1.247936205471311e-14  0.003194847361890088  5.248747769495272e-27  8.411835659294583e-13  1.003194847362311  9.14249426365371e-07  
1.318986896198669e-14  0.003194847361914103  5.863432157142316e-27  8.890878644059536e-13  1.003194847362359  9.399130465322667e-07  
1.394082826282576e-14  0.00319484736193942  6.55010236248103e-27  9.397059687752546e-13  1.003194847362409  9.663019994105996e-07  
1.473454309619837e-14  0.003194847361966182  7.317188989710614e-27  9.932058877980732e-13  1.003194847362463  9.934311216647256e-07  
1.557344772926135e-14  0.003194847361994529  8.174109667324269e-27  1.049751689921004e-12  1.003194847362519  1.021321152236312e-06  
1.64601150230855e-14  0.003194847362024376  9.131384930227037e-27  1.109516784383842e-12  1.003194847362579  1.049993410507644e-06  
1.739726432343799e-14  0.003194847362056074  1.02007673821161e-26  1.172684452940984e-12  1.003194847362642  1.079469812527582e-06  
1.838776980082331e-14  0.003194847362089304  1.139538598422777e-26  1.239448412033859e-12  1.003194847362709  1.109772887690564e-06  
1.943466926536022e-14  0.00319484736212463  1.272990724187403e-26  1.310013406758219e-12  1.00319484736278  1.140925795881175e-06  
2.054117348353064e-14  0.003194847362161944  1.422071526770111e-26  1.384595838811205e-12  1.003194847362854  1.172952345097451e-06  
2.171067602537263e-14  0.003194847362201354  1.58861123200217e-26  1.463447326284691e-12  1.003194847362933  1.205882299963429e-06  
2.294676367231941e-14  0.003194847362242961  1.774654492804137e-26  1.546765131130996e-12  1.003194847363016  1.239737983790806e-06  
2.425322741760355e-14  0.003194847362287081  1.982485409529557e-26  1.634826420081326e-12  1.003194847363104  1.27454324908567e-06  
2.563407409296515e-14  0.003194847362333578  2.214655551379059e-26  1.727901250437162e-12  1.003194847363198  1.310324701802148e-06  
2.709353865732049e-14  0.003194847362382756  2.474015304003261e-26  1.826275054410054e-12  1.003194847363296  1.347109692524397e-06  
2.86360971850811e-14  0.003194847362434905  2.763748864178234e-26  1.930249514402172e-12  1.0031948473634  1.384926337281943e-06  
3.026648059395696e-14  0.003194847362489646  3.087413332747211e-26  2.040143488299458e-12  1.00319484736351  1.423803538946144e-06  
3.198968915434538e-14  0.00319484736254792  3.448982385777235e-26  2.156293987143161e-12  1.003194847363626  1.463771009223952e-06  
3.381100782480682e-14  0.003194847362609104  3.852894977073501e-26  2.279093930536799e-12  1.003194847363749  1.504862877718708e-06  
3.573602246065781e-14  0.003194847362674121  4.304109920119227e-26  2.408848456398592e-12  1.003194847363879  1.54711294468684e-06  
3.777063694539372e-14  0.00319484736274255  4.808166959024508e-26  2.545990212800806e-12  1.003194847364016  1.590548049146027e-06  
3.992109129748053e-14  0.003194847362815068  5.371254472458114e-26  2.690939770972734e-12  1.003194847364161  1.635201394531409e-06  
4.219398080805024e-14  0.003194847362891675  6.000285565425275e-26  2.844141645989844e-12  1.003194847364314  1.681107113564053e-06  
4.459627626819086e-14  0.003194847362972581  6.702982942656109e-26  3.006065660153091e-12  1.003194847364476  1.728300294228406e-06  
4.713534534786917e-14  0.003194847363058202  7.487973721608433e-26  3.177208383620218e-12  1.003194847364647  1.776817006475062e-06  
4.981897519205165e-14  0.003194847363148722  8.364895349124384e-26  3.358094657315819e-12  1.003194847364828  1.826694329668902e-06  
5.265539630332755e-14  0.003194847363244306  9.34451388901143e-26  3.549338121783542e-12  1.003194847365019  1.877971095270727e-06  
5.56533077842764e-14  0.003194847363345327  1.043885573135786e-25  3.751410621080974e-12  1.003194847365221  1.930696895152173e-06  
5.882190401699968e-14  0.003194847363452142  1.166135670663839e-25  3.964987569628255e-12  1.003194847365435  1.984901571547911e-06  
6.217090286163834e-14  0.00319484736356509  1.302702563002367e-25  4.190723940043943e-12  1.00319484736566  2.040626561348249e-06  
6.571057546036271e-14  0.003194847363684267  1.455262901194935e-25  4.429311993686044e-12  1.003194847365899  2.09791446117671e-06  
6.94517777382369e-14  0.00319484736381042  1.625689690350282e-25  4.681483403627703e-12  1.003194847366151  2.156809059809899e-06  
7.340598369757196e-14  0.003194847363943604  1.81607528485616e-25  4.948011498652551e-12  1.003194847366418  2.217355371502447e-06  
7.758532060787844e-14  0.003194847364084521  2.028757076588886e-25  5.229713634373e-12  1.003194847366699  2.27959967024231e-06  
8.20026061993413e-14  0.003194847364233407  2.266346191496402e-25  5.527453700155317e-12  1.003194847366997  2.343589524962362e-06  
8.667138797389224e-14  0.003194847364390691  2.531759437445134e-25  5.842244774988656e-12  1.003194847367312  2.409384668324628e-06  
9.160598475443691e-14  0.003194847364557002  2.828255373170986e-25  6.174857643984034e-12  1.003194847367644  2.4770291861649e-06  
9.682153059967096e-14  0.00319484736473294  3.159474155875243e-25  6.526406896812552e-12  1.003194847367996  2.546570990981301e-06  
1.023340212191642e-13  0.003194847364918632  3.529482205378063e-25  6.897970620122743e-12  1.003194847368368  2.618063242091544e-06  
1.081603630310709e-13  0.003194847365115063  3.942822163480342e-25  7.290688277833836e-12  1.00319484736876  2.691560586600748e-06  
1.143184250129148e-13  0.00319484736532274  4.404568664788176e-25  7.705764205551236e-12  1.003194847369176  2.767119200990835e-06  
1.208270935044778e-13  0.003194847365541916  4.920390638912761e-25  8.144471303838643e-12  1.003194847369614  2.844796833871138e-06  
1.277063301308645e-13  0.003194847365773692  5.49662090895908e-25  8.608154941628004e-12  1.003194847370078  2.924652849922368e-06  
1.349772330233942e-13  0.003194847366018914  6.140333789187627e-25  9.098397687438667e-12  1.003194847370568  3.006755767965789e-06  
1.426621015260736e-13  0.00319484736627794  6.859432110186197e-25  9.616390483981598e-12  1.003194847371086  3.091172477321076e-06  
1.507845045861054e-13  0.003194847366551751  7.662744538943716e-25  1.016387371370718e-11  1.003194847371634  3.177956920552533e-06  
1.593693530381776e-13  0.003194847366841063  8.560133455702205e-25  1.074252632398021e-11  1.003194847372212  3.267175438899432e-06  
1.684429760042315e-13  0.003194847367146764  9.562616232714488e-25  1.135412284732954e-11  1.003194847372824  3.358896230334966e-06  
1.780332016430112e-13  0.003194847367470136  1.068250049650431e-24  1.200053884322967e-11  1.00319484737347  3.453189401469779e-06  
1.881694424970552e-13  0.003194847367811522  1.193353523082333e-24  1.268375665030809e-11  1.003194847374153  3.550127020904544e-06  
1.988827856988812e-13  0.003194847368172759  1.333107957544844e-24  1.340587146490395e-11  1.003194847374876  3.649783174072097e-06  
2.102060883130158e-13  0.003194847368554295  1.489229131882001e-24  1.416935580264866e-11  1.003194847375639  3.752235855069197e-06  
2.221740781062883e-13  0.003194847368957624  1.663633679396295e-24  1.497604899829437e-11  1.003194847376446  3.857583345939316e-06  
2.348234600554281e-13  0.003194847369384173  1.858462865308959e-24  1.582866889254847e-11  1.003194847377298  3.965885668251329e-06  
2.481930289186258e-13  0.003194847369834633  2.076108635071155e-24  1.672983017700917e-11  1.0031948473782  4.077225613880687e-06  
2.623237882163124e-13  0.003194847370310953  2.319243056976445e-24  1.768229640139409e-11  1.003194847379152  4.19168829187565e-06  
2.772590759860481e-13  0.003194847370814336  2.590851127625394e-24  1.868898844868371e-11  1.003194847380159  4.309361193232798e-06  
2.930446976972138e-13  0.003194847371346348  2.894267419273066e-24  1.975299349314294e-11  1.003194847381223  4.430334257480899e-06  
3.097290667331413e-13  0.003194847371908466  3.233217018989379e-24  2.087757446561822e-11  1.003194847382347  4.554699941123842e-06  
3.273633528715248e-13  0.003194847372502739  3.611861262251857e-24  2.206618006083084e-11  1.003194847383536  4.68255328799402e-06  
3.460016392185109e-13  0.00319484737313112  4.034848626185664e-24  2.332289398411377e-11  1.003194847384792  4.814014169340384e-06  
3.657010880777486e-13  0.003194847373795012  4.507372270894869e-24  2.465071672802582e-11  1.00319484738612  4.949169637354585e-06  
3.865221162631269e-13  0.003194847374497043  5.035233493458318e-24  2.605413501990068e-11  1.003194847387524  5.088115931108098e-06  
4.085285803928565e-13  0.003194847375238836  5.624912921734686e-24  2.753745264506607e-11  1.003194847389008  5.230959264159331e-06  
4.317879727332022e-13  0.003194847376022555  6.283650135734208e-24  2.910521840930334e-11  1.003194847390575  5.377808822698892e-06  
4.563716281924754e-13  0.003194847376851126  7.019532549272353e-24  3.076224008870428e-11  1.003194847392232  5.528776848646191e-06  
4.823549431001457e-13  0.003194847377726893  7.841594700659663e-24  3.251359917349913e-11  1.003194847393984  5.683978725065937e-06  
5.09817606442043e-13  0.003194847378652278  8.759929171424051e-24  3.436466644934951e-11  1.003194847395835  5.843533063969259e-06  
5.388438442608223e-13  0.003194847379630436  9.785810217472976e-24  3.632182396291264e-11  1.003194847397791  6.007577421089942e-06  
5.695226779712819e-13  0.003194847380664586  1.093183253271357e-23  3.838970116455226e-11  1.003194847399859  6.176244155317379e-06  
6.019481973827287e-13  0.00319484738175755  1.221206632933605e-23  4.057530648345958e-11  1.003194847402045  6.349641679708553e-06  
6.362198492657496e-13  0.00319484738291286  1.364222922110663e-23  4.288534237324201e-11  1.003194847404355  6.527902545609651e-06  
6.724427423484249e-13  0.003194847384133636  1.523987952573558e-23  4.532689286640741e-11  1.003194847406797  6.711163014162482e-06  
7.107279696773411e-13  0.003194847385423904  1.702463183159177e-23  4.790744529973143e-11  1.003194847409378  6.899563160008774e-06  
7.511929493320953e-13  0.003194847386787701  1.901839780968274e-23  5.063491327356286e-11  1.003194847412105  7.093246977889807e-06  
7.939617845382291e-13  0.003194847388228838  2.124565522740919e-23  5.351766091986523e-11  1.003194847414988  7.292362492222104e-06  
8.391656442830162e-13  0.003194847389752219  2.373374830717854e-23  5.656566371765272e-11  1.003194847418035  7.497066352115757e-06  
8.869431656014705e-13  0.003194847391362722  2.651322222595927e-23  5.978606052780191e-11  1.003194847421256  7.707553321575217e-06  
9.374408787662981e-13  0.003194847393064955  2.961820229096431e-23  6.318980025862508e-11  1.00319484742466  7.923944116514265e-06  
9.908136566858686e-13  0.003194847394863912  3.308680878738055e-23  6.678732090075216e-11  1.003194847428257  8.146404157035436e-06  
1.047225189888435e-12  0.0031948473967654  3.696162630160151e-23  7.058965469512178e-11  1.00319484743206  8.375103493003921e-06  
1.106848488549412e-12  0.003194847398774912  4.129022654012476e-23  7.460846195872882e-11  1.003194847436079  8.610216933470494e-06  
1.169866413101306e-12  0.00319484740089872  4.61257523764196e-23  7.885606684363898e-11  1.003194847440327  8.851924179707569e-06  
1.236472235053712e-12  0.003194847403143189  5.152757029611853e-23  8.334549513378516e-11  1.003194847444816  9.100409961959431e-06  
1.306870229743348e-12  0.003194847405515423  5.756199925097803e-23  8.809051418350564e-11  1.003194847449561  9.355864180009969e-06  
1.381276302832009e-12  0.003194847408023467  6.430312133513345e-23  9.310760831526096e-11  1.003194847454577  9.618527386403486e-06  
1.459918652473983e-12  0.003194847410674508  7.18336999093579e-23  9.840840257488686e-11  1.003194847459878  9.888571450747673e-06  
1.543038469183568e-12  0.00319484741347618  8.024618990505166e-23  1.0401097989962e-10  1.003194847465481  1.016618967754557e-05  
1.630890675549334e-12  0.003194847416437211  8.964387268580341e-23  1.09932521216333e-10  1.003194847471403  1.045159428396747e-05  
1.72374470806362e-12  0.003194847419566728  1.001421249913505e-22  1.161911855867423e-10  1.003194847477662  1.074500342656858e-05  
1.821885343465165e-12  0.003194847422874228  1.118698354397564e-22  1.228061658827887e-10  1.003194847484278  1.104664136731807e-05  
1.925613572129195e-12  0.003194847426369774  1.249709869179616e-22  1.297977476462762e-10  1.003194847491269  1.13567386442629e-05  
2.03524752118358e-12  0.003194847430064404  1.396064242879073e-22  1.371873712981673e-10  1.003194847498659  1.167553224695635e-05  
2.151123430182167e-12  0.003194847433969879  1.559558240182028e-22  1.450008118597447e-10  1.00319484750647  1.200329832077599e-05  
2.273596682327715e-12  0.003194847438098206  1.742199070216585e-22  1.53255972939476e-10  1.003194847514726  1.234029874926561e-05  
2.403042894406975e-12  0.003194847442461367  1.946229097703499e-22  1.619811132768637e-10  1.003194847523452  1.268675141214026e-05  
2.539859068780729e-12  0.003194847447073072  2.174153228984881e-22  1.712029893914848e-10  1.003194847532674  1.304292115008642e-05  
2.684464810961965e-12  0.003194847451946935  2.428769722317599e-22  1.809498810722801e-10  1.003194847542422  1.34090802160445e-05  
2.837303616516212e-12  0.003194847457097983  2.713204542629647e-22  1.912516781049186e-10  1.003194847552724  1.378550848241243e-05  
2.998844231231025e-12  0.00319484746254195  3.030949739597669e-22  2.021399719263929e-10  1.003194847563613  1.417249365403359e-05  
3.169582088726109e-12  0.003194847468295666  3.385906320237576e-22  2.136481524989341e-10  1.003194847575121  1.457033148713183e-05  
3.350040829913136e-12  0.003194847474376788  3.782432109040249e-22  2.258165294412927e-10  1.003194847587284  1.497933659889685e-05  
3.54077390896527e-12  0.003194847480806417  4.225395056017636e-22  2.386726564719053e-10  1.003194847600142  1.539989492379676e-05  
3.742366290721977e-12  0.003194847487601689  4.720233707939271e-22  2.522607015900536e-10  1.003194847613731  1.583224923636956e-05  
3.95543624473471e-12  0.00319484749478351  5.273023270975143e-22  2.666223337366519e-10  1.003194847628094  1.627673004984593e-05  
4.180637241455762e-12  0.003194847502374044  5.890550424381029e-22  2.818015940830146e-10  1.003194847643275  1.673367712782561e-05  
4.418659956385941e-12  0.003194847510396198  6.580396641884302e-22  2.978450311105304e-10  1.003194847659319  1.720343974286649e-05  
4.67023438832733e-12  0.003194847518874661  7.351031270918627e-22  3.14801843340518e-10  1.003194847676276  1.768637694229355e-05  
4.936132098237907e-12  0.003194847527835166  8.211915512506213e-22  3.327240301936423e-10  1.003194847694199  1.818285782142863e-05  
5.217168575554354e-12  0.003194847537305296  9.173618578333891e-22  3.516665514603026e-10  1.00319484771314  1.86932618044482e-05  
5.514205739240302e-12  0.003194847547317517  1.0247946811652e-21  3.716960591137034e-10  1.003194847733164  1.921807161293164e-05  
5.82815458123084e-12  0.003194847557900407  1.144809021347808e-21  3.92857319791443e-10  1.003194847754328  1.975762652489887e-05  
6.159977960380181e-12  0.003194847569085236  1.278878327231083e-21  4.152233191867058e-10  1.003194847776696  2.031231479849998e-05  
6.510693555481468e-12  0.003194847580906318  1.428648587535516e-21  4.388626442543757e-10  1.003194847800337  2.088256044859573e-05  
6.88137698641567e-12  0.003194847593399786  1.595958554297661e-21  4.638477866750892e-10  1.003194847825324  2.146879935706992e-05  
7.273165113001454e-12  0.003194847606603707  1.782862317594974e-21  4.902553650940769e-10  1.003194847851733  2.207147960455849e-05  
7.687259521663721e-12  0.003194847620558854  1.991654524023464e-21  5.181663601277641e-10  1.003194847879644  2.269106181143942e-05  
8.124930210614031e-12  0.003194847635307464  2.224898548544967e-21  5.47666362634001e-10  1.003194847909143  2.332801948834286e-05  
8.587519484845179e-12  0.003194847650897789  2.485457871734096e-21  5.788596543015257e-10  1.003194847940325  2.398290698930413e-05  
9.076446072885357e-12  0.003194847667379273  2.776531371814253e-21  6.118150167033728e-10  1.003194847973284  2.465624242345437e-05  
9.593209477938231e-12  0.003194847684798176  3.101692698413504e-21  6.466465677655251e-10  1.00319484800812  2.534846365291922e-05  
1.013939457675294e-11  0.003194847703207887  3.464933905317969e-21  6.834611204900249e-10  1.003194848044938  2.6060099835575e-05  
1.071667648032864e-11  0.003194847722664967  3.870714559588695e-21  7.223715688049046e-10  1.003194848083851  2.679169493914584e-05  
1.132682567136154e-11  0.003194847743228319  4.3240164925542e-21  7.634972337305597e-10  1.003194848124978  2.754380815520036e-05  
1.197171343418966e-11  0.00319484776496166  4.830404962776862e-21  8.069642292772745e-10  1.003194848168447  2.831701432470698e-05  
1.26533175938894e-11  0.003194847787930891  5.396096981879446e-21  8.529058491665564e-10  1.003194848214388  2.911190437546904e-05  
1.337372858212492e-11  0.003194847812207671  6.028037573905112e-21  9.01485286412153e-10  1.003194848262945  2.992911017408335e-05  
1.413515584835396e-11  0.003194847837875216  6.733984732023491e-21  9.52808122155299e-10  1.003194848314275  3.076939641563182e-05  
1.493993463605256e-11  0.003194847865002892  7.522605867377726e-21  1.007052822565496e-09  1.003194848368526  3.16332513289316e-05  
1.579053314474179e-11  0.003194847893673602  8.403582998569924e-21  1.064385731395899e-09  1.003194848425865  3.252133528713777e-05  
1.668956009978026e-11  0.003194847923975282  9.387732014817917e-21  1.124982662445253e-09  1.003194848486467  3.343432714584664e-05  
1.763977275314045e-11  0.00319484795600041  1.048713546481281e-20  1.189029438606816e-09  1.003194848550517  3.437292475976378e-05  
1.864408533970485e-11  0.003194847989847054  1.171529089665933e-20  1.25672246173213e-09  1.003194848618212  3.533784551379535e-05  
1.970557801501796e-11  0.00319484802561879  1.308727657011442e-20  1.328269314837665e-09  1.003194848689759  3.632982686896702e-05  
2.08275063019051e-11  0.00319484806342461  1.461993657557956e-20  1.403889398675214e-09  1.003194848765378  3.734962692358233e-05  
2.201331107493033e-11  0.003194848103395066  1.633208646958528e-20  1.483852754168973e-09  1.003194848845314  3.839821434658307e-05  
2.326662911331458e-11  0.003194848145642698  1.824474718190593e-20  1.568330401582171e-09  1.003194848929802  3.947625878829849e-05  
2.459130425468052e-11  0.003194848190293738  2.038140098140057e-20  1.657617439840697e-09  1.003194849019099  4.058454005616846e-05  
2.599139918382938e-11  0.003194848237484598  2.276827988964951e-20  1.751987669987465e-09  1.003194849113477  4.17239053417736e-05  
2.747120789270814e-11  0.003194848287359876  2.543468798642263e-20  1.851730480616056e-09  1.003194849213227  4.289522554726908e-05  
2.903526884977814e-11  0.003194848340071702  2.841336118196209e-20  1.957151735183381e-09  1.003194849318653  4.409939594818561e-05  
3.068837891917639e-11  0.003194848395781478  3.174086912271195e-20  2.068574709934233e-09  1.003194849430078  4.533733687473517e-05  
3.243560807235805e-11  0.00319484845465961  3.54580641647271e-20  2.186341085255342e-09  1.003194849547843  4.660999441213649e-05  
3.428231493733974e-11  0.003194848516899022  3.961058119015671e-20  2.310873673883088e-09  1.003194849672322  4.791848138594226e-05  
3.62341632332315e-11  0.003194848582694533  4.424940055849766e-20  2.442434412325779e-09  1.003194849803901  4.926382271948541e-05  
3.829713914046293e-11  0.003194848652232689  4.943147542993494e-20  2.58148500684958e-09  1.003194849942968  5.064689833339585e-05  
4.047756965997331e-11  0.003194848725726577  5.522042692163773e-20  2.728451857459031e-09  1.003194850089949  5.206876549744738e-05  
4.278214201767622e-11  0.003194848803400674  6.168732688375769e-20  2.883785639084296e-09  1.003194850245295  5.353051107181647e-05  
4.521792417370702e-11  0.003194848885492606  6.891157046344726e-20  3.047962683469903e-09  1.003194850409481  5.503325233425593e-05  
4.779238649935595e-11  0.003194848972253749  7.698185085619539e-20  3.221486439826394e-09  1.003194850583009  5.657813783036343e-05  
5.051342468816756e-11  0.003194849063948896  8.599724821151892e-20  3.404889018504366e-09  1.003194850766412  5.816634824758531e-05  
5.338938397147339e-11  0.003194849160865022  9.606844468155674e-20  3.598832615148313e-09  1.003194850960257  5.979915257210056e-05  
5.642908471262542e-11  0.003194849263332477  1.073190784045401e-19  3.803717910322321e-09  1.003194851165172  6.147806587275195e-05  
5.96418494584246e-11  0.003194849371628893  1.198872819893224e-19  4.020267455086353e-09  1.003194851381749  6.320406995529281e-05  
6.303753153071268e-11  0.003194849486086092  1.339273571746954e-19  4.249145297003568e-09  1.003194851610651  6.497848426067082e-05  
6.662654524581163e-11  0.003194849607053624  1.496116761325144e-19  4.491053287586161e-09  1.00319485185258  6.680266515815883e-05  
7.041989785449295e-11  0.003194849734901469  1.671327977175851e-19  4.746733234357558e-09  1.003194852108276  6.867800697766527e-05  
7.442922330043757e-11  0.003194849870020894  1.867058315545263e-19  5.016969175695579e-09  1.003194852378523  7.060594307086755e-05  
7.866681790071574e-11  0.003194850012824807  2.085710789862538e-19  5.302589784898558e-09  1.003194852664147  7.258794690196797e-05  
8.314567805772047e-11  0.003194850163749815  2.329969833076763e-19  5.604470911010399e-09  1.003194852966024  7.462553316890002e-05  
8.787954011821329e-11  0.003194850323316852  2.602834042276306e-19  5.923709309682697e-09  1.003194853285137  7.6720645646682e-05  
9.288292250172499e-11  0.003194850491974353  2.907653530757046e-19  6.260951337726108e-09  1.003194853622424  7.887460585781667e-05  
9.817117022752183e-11  0.00319485067022627  3.248170654153599e-19  6.617392704614517e-09  1.003194853978907  8.108897998513145e-05  
1.037605019766914e-10  0.003194850858617548  3.628565993880839e-19  6.994126427281522e-09  1.003194854355677  8.336546073707998e-05  
1.09668059833687e-10  0.003194851057724402  4.053509723599336e-19  7.392307747370278e-09  1.003194854753887  8.570578819636071e-05  
1.159119618598886e-10  0.003194851268155658  4.528218945964695e-19  7.8131576737404e-09  1.003194855174758  8.81117511442065e-05  
1.225113576604118e-10  0.003194851490555094  5.058521744168697e-19  8.257966726091764e-09  1.003194855619578  9.058518842164718e-05  
1.294864871145902e-10  0.003194851725601907  5.650928734643357e-19  8.728098892609772e-09  1.003194856089709  9.312799032877216e-05  
1.368587424502521e-10  0.003194851974071474  6.312712676262809e-19  9.225272965653391e-09  1.003194856586647  9.574239073342456e-05  
1.446507338521647e-10  0.003194852236733013  7.051998285486216e-19  9.750474639580566e-09  1.003194857111923  9.843041693421546e-05  
1.52886358805873e-10  0.003194852514336735  7.877862176027938e-19  1.030557618827621e-08  1.003194857667093  0.0001011938371470583  
1.615908753895922e-10  0.003194852807731771  8.800443606877554e-19  1.089227980324386e-08  1.003194858253858  0.0001040347638214505  
1.70790979738943e-10  0.00319485311781515  9.83106925631616e-19  1.151238457968098e-08  1.003194858874014  0.0001069553685291528  
1.80514887922111e-10  0.003194853445535479  1.098239228207722e-18  1.216779203411812e-08  1.003194859529462  0.0001099578836168975  
1.907924224765265e-10  0.003194853791894691  1.226854766702933e-18  1.286051193423275e-08  1.003194860222206  0.0001130446039052424  
2.016551038724744e-10  0.0031948541579514  1.370532575764804e-18  1.359266846139267e-08  1.00319486095437  0.0001162178884348458  
2.131362471841442e-10  0.00319485454485441  1.531036584841903e-18  1.436695615170404e-08  1.003194861728225  0.0001194802856609898  
2.252710642645974e-10  0.003194854953914852  1.710337197807511e-18  1.518487554039686e-08  1.003194862546267  0.0001228347971312039  
2.380967717380358e-10  0.003194855386246119  1.910635837086221e-18  1.604935915326375e-08  1.003194863410865  0.000126283397130341  
2.516527051405389e-10  0.003194855843170787  2.134391600169156e-18  1.696305786844138e-08  1.003194864324668  0.0001298287219318406  
2.659804395593764e-10  0.003194856326085833  2.384351572068765e-18  1.792877347451256e-08  1.003194865290473  0.0001334734815927217  
2.811239171408467e-10  0.003194856836468325  2.663584551905638e-18  1.894946726275176e-08  1.003194866311239  0.0001372204620161564  
2.971295818577334e-10  0.003194857375879096  2.975518729259483e-18  2.002826910657903e-08  1.003194867390091  0.0001410725270716344  
3.140465219496749e-10  0.003194857945967048  3.323983772861063e-18  2.116848705924546e-08  1.003194868530334  0.0001450326207743102  
3.319266204733183e-10  0.003194858548475403  3.713257848353833e-18  2.237361749649127e-08  1.00319486973546  0.000149103769525197  
3.508247144239781e-10  0.003194859185488807  4.148119750495172e-18  2.364812823455879e-08  1.003194871009399  0.0001532898737193638  
3.707987629168173e-10  0.00319485985878741  4.633908574692914e-18  2.499442585739475e-08  1.003194872355886  0.0001575935409115512  
3.919100249433402e-10  0.003194860570387547  5.176588491617689e-18  2.641736801631021e-08  1.003194873779002  0.0001620179165742402  
4.142232472483906e-10  0.003194861322465531  5.782822068940342e-18  2.792131802426657e-08  1.003194875283107  0.0001665663827775754  
4.378068629038175e-10  0.003194862117321233  6.460052134947627e-18  2.9510887590608e-08  1.003194876872805  0.0001712424162464219  
4.627332011878694e-10  0.003194862957385441  7.216593155879329e-18  3.119095096194718e-08  1.003194878552967  0.0001760495910063126  
4.890787094139589e-10  0.003194863845226592  8.061733314623193e-18  3.296665986778133e-08  1.003194880328736  0.000180991581103272  
5.169241873891593e-10  0.003194864783558858  9.005848544001372e-18  3.484345931625742e-08  1.00319488220555  0.0001860721633995681  
5.463550352214865e-10  0.003194865775482479  1.006052930970796e-17  3.682835895167556e-08  1.003194884189387  0.0001912958220271758  
5.774615152359825e-10  0.003194866824055868  1.123872394033673e-17  3.892500625465138e-08  1.003194886286347  0.0001966665665698859  
6.103390288028621e-10  0.003194867932279475  1.255489782398525e-17  4.114101495581376e-08  1.003194888502646  0.0002021879501718335  
6.450884089267712e-10  0.003194869103543211  1.402520983730904e-17  4.348318017442982e-08  1.003194890845075  0.000207864193554771  
6.818162294944493e-10  0.003194870341429184  1.566771124095796e-17  4.595868386231537e-08  1.003194893320805  0.0002136996355678966  
7.20635132129306e-10  0.003194871649722892  1.75025672991959e-17  4.857511682610199e-08  1.003194895937419  0.0002196987364899911  
7.616641716552892e-10  0.003194873032424443  1.95523048537484e-17  5.134050200310282e-08  1.003194898702931  0.0002258660814237486  
8.050291812295973e-10  0.003194874493761346  2.184208889141954e-17  5.42633190572658e-08  1.003194901625807  0.0002322063837848549  
8.508631582640564e-10  0.003194876038331807  2.440003094546318e-17  5.735457017076583e-08  1.00319490471513  0.0002387247614022142  
8.993066723187633e-10  0.003194877671344589  2.725753304523745e-17  6.061976926594528e-08  1.003194907980842  0.0002454271602937382  
9.505082962189511e-10  0.003194879397256671  3.044967934464411e-17  6.407085427248747e-08  1.00319491143241  0.0002523175503284975  
1.00462506171734e-09  0.003194881221347499  3.401566033406247e-17  6.771840742769492e-08  1.003194915080408  0.0002594011988391426  
1.061822941099382e-09  0.003194883149195593  3.799925614626512e-17  7.157361339260794e-08  1.003194918936006  0.0002666835205792664  
1.12227735620851e-09  0.003194885186696698  4.24493740557122e-17  7.564829354436744e-08  1.003194923011013  0.0002741700818444535  
1.186173716452479e-09  0.003194887340081175  4.742064892523663e-17  7.995494222445504e-08  1.003194927317909  0.0002818666047083743  
1.25370798744092e-09  0.003194889615932137  5.297411397202737e-17  8.45067650445226e-08  1.003194931869882  0.0002897789713771488  
1.325087291997951e-09  0.003194892021207381  5.917795008819093e-17  8.93177193812968e-08  1.003194936680869  0.0002979132286652642  
1.400530545393217e-09  0.003194894564252795  6.610831564250361e-17  9.440607351183514e-08  1.00319494176659  0.0003062772029912129  
1.48026912673951e-09  0.003194897252132473  7.385030027084701e-17  9.978059536170082e-08  1.003194947141912  0.0003148760386127136  
1.564547588616096e-09  0.003194900092915142  8.249895461936676e-17  1.054610841323522e-07  1.003194952823145  0.0003237160526267665  
1.653624407094179e-09  0.00319490309528951  9.216045963909056e-17  1.114649580049788e-07  1.003194958827691  0.000332804002481528  
1.747772774464684e-09  0.003194906268437717  1.02953431255945e-16  1.178106267323602e-07  1.003194965173939  0.0003421468347467795  
1.847281437099636e-09  0.003194909622062157  1.150103766483602e-16  1.245175480813209e-07  1.003194971881323  0.0003517516904005409  
1.952455581016861e-09  0.00319491316641736  1.284793210718942e-16  1.316062874954857e-07  1.003194978970384  0.0003616259102632776  
2.063617767863857e-09  0.003194916912338178  1.435256252043213e-16  1.390985811508404e-07  1.003194986462827  0.0003717770405838114  
2.181108924191516e-09  0.003194920872232847  1.603340039153502e-16  1.470231305620811e-07  1.003194994382548  0.0003822140823381244  
2.305289387051711e-09  0.003194925058248379  1.791108143211233e-16  1.553931022377064e-07  1.003195002753836  0.0003929449648255868  
2.436540009125466e-09  0.003194929482394216  2.000865912753449e-16  1.642395670503322e-07  1.003195011601543  0.0004039768276784671  
2.575263326771199e-09  0.003194934158203051  2.235188578510879e-16  1.735896507924892e-07  1.003195020952767  0.0004153181039838744  
2.721884794575185e-09  0.003194939099974568  2.496952959530622e-16  1.834720234463614e-07  1.003195030836148  0.0004269774628490102  
2.876854090190597e-09  0.003194944322820502  2.789372782619022e-16  1.939169870868401e-07  1.003195041281953  0.0004389638159987997  
3.040646493467069e-09  0.003194949842710521  3.116038138109815e-16  2.049565687841608e-07  1.003195052322172  0.0004512863245577283  
3.213764344100276e-09  0.003194955676520577  3.480959556364719e-16  2.166246188034908e-07  1.003195063990609  0.0004639544060209811  
3.396738582272203e-09  0.003194961842656157  3.888617134928756e-16  2.289662541461135e-07  1.003195076323563  0.0004769783377763849  
3.590130377007076e-09  0.003194968361816885  4.344015363033114e-16  2.420011667246728e-07  1.003195089360636  0.000490369897898118  
3.794532847236942e-09  0.003194975251841114  4.852745623197496e-16  2.55778138680723e-07  1.003195103139669  0.0005041370686158498  
4.010572880855496e-09  0.003194982533804193  5.421053681010958e-16  2.703394136937745e-07  1.003195117702865  0.0005182903741569737  
4.238913057338791e-09  0.003194990229977478  6.055916751170196e-16  2.857296402315661e-07  1.003195133094827  0.0005328406332969291  
4.480253679829499e-09  0.003194998363896395  6.765129158560826e-16  3.019960084349919e-07  1.003195149362693  0.0005477989675929382  
4.735334922917121e-09  0.003195006960432599  7.557398031273354e-16  3.191883948005025e-07  1.003195166556283  0.0005631768098476135  
5.004939102700954e-09  0.00319501604586889  8.442450200399579e-16  3.373595151091256e-07  1.003195184728245  0.0005789859128088245  
5.289893076098146e-09  0.003195025647979552  9.431151619059435e-16  3.565650860491724e-07  1.003195203934222  0.0005952383581124187  
5.591070776755281e-09  0.003195035800163432  1.053563940507141e-15  3.768801529199247e-07  1.003195224237045  0.0006119498497021331  
5.909395895340953e-09  0.003195046530464129  1.176947440171378e-15  3.983356096533278e-07  1.003195245695905  0.0006291305346222962  
6.245844712439618e-09  0.003195057871169549  1.314780477600219e-15  4.210124879475568e-07  1.003195268375999  0.0006467930992194396  
6.601449092734883e-09  0.003195069856964852  1.468755252546813e-15  4.44980319878214e-07  1.00319529234679  0.0006649510449771301  
6.977299649665552e-09  0.003195082524505937  1.640762140393847e-15  4.703125957068182e-07  1.00319531768169  0.0006836182512433325  
7.374549090259561e-09  0.003195095912528079  1.832912900806669e-15  4.970869891799615e-07  1.003195344458287  0.0007028089857927665  
7.794415750404951e-09  0.003195110061965025  2.047566604399303e-15  5.253855956796537e-07  1.003195372758576  0.0007225379156841121  
8.238187331399602e-09  0.003195125016073291  2.287358595720241e-15  5.552951839093267e-07  1.003195402669215  0.0007428201184202771  
8.707224849239903e-09  0.003195140824513503  2.55523263119686e-15  5.869338659674986e-07  1.003195434285711  0.0007636736611662618  
9.202966808760391e-09  0.003195157535531495  2.854477420342754e-15  6.203473469267698e-07  1.003195467704793  0.0007851142230498496  
9.726933615426179e-09  0.003195175197191054  3.188766999446852e-15  6.556629878800949e-07  1.003195503025788  0.0008071561498087202  
1.028073223830865e-08  0.003195193863513164  3.562205499061293e-15  6.929890726402406e-07  1.003195540356877  0.0008298162908397653  
1.086606113854596e-08  0.00319521359158529  3.979377689688866e-15  7.324400490809684e-07  1.003195579812393  0.0008531119671039307  
1.148471547840287e-08  0.003195234441735757  4.44540527028834e-15  7.741368800784376e-07  1.003195621513168  0.0008770609843076132  
1.213859262690626e-08  0.003195256477716314  4.966009748842656e-15  8.18207414311975e-07  1.003195665586902  0.0009016816464520283  
1.282969797894147e-08  0.003195279766896133  5.547582686988664e-15  8.647867782693911e-07  1.003195712168555  0.000926992769760745  
1.356015110565632e-08  0.003195304382953104  6.197263947899602e-15  9.140609896160792e-07  1.003195761403225  0.0009530149921621839  
1.433219225503571e-08  0.003195330408135201  6.923029093032232e-15  9.660971983102897e-07  1.00319581344862  0.0009797716421600174  
1.514818922258344e-08  0.003195357913841675  7.733789157441967e-15  1.021095701832493e-06  1.003195868455996  0.00100727876888089  
1.601064461318318e-08  0.003195386984207588  8.639497982287683e-15  1.079225132661834e-06  1.003195926593835  0.001035557399766884  
1.692220351641035e-08  0.00319541770814261  9.651275115958271e-15  1.140663722641018e-06  1.003195988040198  0.001064629150755476  
1.788566161883458e-08  0.003195450179603146  1.078154233194799e-14  1.205599849392587e-06  1.003196052983266  0.001094516242729126  
1.890397377819219e-08  0.003195484497878651  1.20441761346119e-14  1.274232613843258e-06  1.003196121621918  0.001125241518424087  
1.998026308572551e-08  0.003195520767892131  1.345467812518957e-14  1.346772450616036e-06  1.003196194166339  0.001156828459811029  
2.111783044448242e-08  0.003195559100522114  1.503036531975632e-14  1.423441773171357e-06  1.00319627083866  0.001189301205960804  
2.23201646929523e-08  0.003195599629427401  1.679058017978845e-14  1.504550687997958e-06  1.003196351890014  0.001222691266461569  
2.359095330508634e-08  0.00319564246592626  1.875693486334826e-14  1.590202115634113e-06  1.003196437556087  0.001257018652727071  
2.49340936995188e-08  0.003195687739220532  2.095357091699459e-14  1.680729431779291e-06  1.003196528097453  0.001292308841225071  
2.635370519267393e-08  0.003195735587781084  2.340745683482164e-14  1.776410199840714e-06  1.003196623791419  0.001328588807791128  
2.785414163241763e-08  0.003195786157939336  2.614871942787447e-14  1.877537783223773e-06  1.003196724931059  0.001365886283203931  
2.944000475100034e-08  0.003195839604330019  2.92110137000635e-14  1.984422244715321e-06  1.003196831826103  0.001404229774285812  
3.111615827824363e-08  0.003195896090366045  3.263193604105395e-14  2.09739129705402e-06  1.003196944803891  0.001443648585592067  
3.28877428582551e-08  0.003195955788731804  3.645348580908107e-14  2.216791307512784e-06  1.00319706421037  0.001484172841705511  
3.476019181541974e-08  0.00319601889818611  4.072257680262721e-14  2.343111439920304e-06  1.003197190427302  0.001525838806559588  
3.673924781802074e-08  0.003196085610342705  4.549162117877896e-14  2.476499909688295e-06  1.003197323839862  0.00156867747958975  
3.883098049059609e-08  0.003196156117556284  5.081917215156211e-14  2.617481744072243e-06  1.00319746484506  0.001612717684358325  
4.104180502904709e-08  0.00319623063548505  5.677063702414041e-14  2.766489196528294e-06  1.00319761387477  0.001657993085491191  
4.337850187558985e-08  0.003196309392028979  6.341908303962031e-14  2.92397912580036e-06  1.00319777138542  0.001704538289735199  
4.584823751389096e-08  0.003196392628022667  7.084613445016289e-14  3.090434396422445e-06  1.003197937859384  0.00175238887228843  
4.8458586448165e-08  0.003196480597968861  7.914297464381441e-14  3.266365359042704e-06  1.003198113806456  0.001801581403865157  
5.121755443364241e-08  0.003196573570814189  8.841146563282651e-14  3.452311414829841e-06  1.003198299765409  0.001852153478515779  
5.413360302965376e-08  0.003196671841479612  9.876539414290733e-14  3.649044832436415e-06  1.003198496316272  0.0019041465370355  
5.721567555063251e-08  0.003196775736767387  1.103318650089846e-13  3.856776124436427e-06  1.003198704087066  0.00195760678085498  
6.047322449462655e-08  0.003196885542461576  1.232528945003522e-13  4.076332777708525e-06  1.003198923682407  0.00201256647611936  
6.391624053344005e-08  0.003197001594434183  1.376871164392609e-13  4.308387945632706e-06  1.003199155774894  0.00206906763447253  
6.75552831533164e-08  0.003197124247623204  1.538117424797054e-13  4.553653099170091e-06  1.00319940107536  0.002127153443240473  
7.140151304013404e-08  0.003197253877111508  1.71824737791145e-13  4.812880207789575e-06  1.003199660335049  0.002186868298285445  
7.546672630843902e-08  0.00319739087927059  1.919472515415717e-13  5.086864044637473e-06  1.003199934347908  0.00224825783777643  
7.976339067929281e-08  0.003197535672966063  2.144263320202664e-13  5.376444622959634e-06  1.003200223953018  0.002311368976901454  
8.430468371788967e-08  0.003197688700833399  2.395379597351773e-13  5.682509770948096e-06  1.003200530037153  0.00237624994354757  
8.910453324821523e-08  0.003197850497762341  2.675903864093263e-13  6.006350647135416e-06  1.003200853604076  0.002442963957563612  
9.417766006869539e-08  0.003198021505604868  2.989280503926074e-13  6.348274954163749e-06  1.003201195592221  0.002511550475396858  
9.953962309984243e-08  0.003198202241383134  3.339356941053339e-13  6.709663522978904e-06  1.003201557043056  0.00258206065465392  
1.052068671023623e-07  0.003198393257887582  3.730431130203617e-13  7.091624332662859e-06  1.003201939063625  0.002654548390143673  
1.1119677311207e-07  0.00319859513928392  4.167304366010944e-13  7.495328429946018e-06  1.003202342823906  0.002729069084762433  
1.175277117462948e-07  0.003198808502893232  4.655340230128728e-13  7.922013518930976e-06  1.003202769560384  0.002805679691626843  
1.242190995452619e-07  0.003199034001071625  5.200530441779713e-13  8.37298775507057e-06  1.003203220579835  0.002884438757380989  
1.312914585212465e-07  0.003199272323194901  5.809568420237669e-13  8.849633755228771e-06  1.003203697263313  0.002965406466710325  
1.38766479098131e-07  0.003199524264764352  6.489930651911245e-13  9.353994093048833e-06  1.003204201136797  0.003048655601840417  
1.466670866343972e-07  0.003199790586768409  7.249970073638104e-13  9.88648631875608e-06  1.003204733734028  0.003134247440998899  
1.550175117335772e-07  0.003200072059026139  8.099018339659693e-13  1.044929071575337e-05  1.003205296641881  0.003222239890331611  
1.638433645577985e-07  0.003200369542467745  9.047499377756266e-13  1.104413274441649e-05  1.003205891584451  0.003312700205666217  
1.731717133723356e-07  0.00320068394689109  1.010705787788722e-12  1.167283607898678e-05  1.003206520383848  0.003405697524614843  
1.830311675620617e-07  0.003201016233730993  1.129070225809557e-12  1.233732819753532e-05  1.003207184965761  0.003501302919131337  
1.934519653744048e-07  0.003201367418988476  1.261296437352385e-12  1.303964629011281e-05  1.003207887365348  0.003599589449531873  
2.044660666579118e-07  0.003201738576321801  1.409007792937228e-12  1.378194350318363e-05  1.003208629733451  0.003700632220019398  
2.161072508808377e-07  0.003202130886256456  1.574017687179124e-12  1.456745471157021e-05  1.003209414388688  0.00380451443331004  
2.284112207303821e-07  0.003202545647271425  1.758351758550375e-12  1.539672572432314e-05  1.003210243831944  0.003911327573829426  
2.414157116103013e-07  0.003202984003230742  1.964273345023288e-12  1.627320257184659e-05  1.003211120480065  0.00402113650028238  
2.551606073727181e-07  0.003203447294969976  2.194310585611182e-12  1.719957231423937e-05  1.003212047018133  0.004134025139541012  
2.696880626390692e-07  0.003203936939434869  2.45128769367254e-12  1.817867495703583e-05  1.003213026283879  0.004250079766361587  
2.850426320853432e-07  0.003204454433994298  2.738359630794475e-12  1.921351215624004e-05  1.003214061276349  0.0043693890689283  
3.012714070881158e-07  0.003205001361000469  3.05905084142653e-12  2.030725641822895e-05  1.003215155165077  0.004492044216219318  
3.18424160150465e-07  0.003205579392605998  3.41729852383524e-12  2.146326082424545e-05  1.003216311299765  0.004618138927245013  
3.365534975507094e-07  0.003206190295853993  3.817500968644658e-12  2.268506930718108e-05  1.00321753322052  0.004747769542209986  
3.557150206821382e-07  0.00320683621130593  4.264570600824425e-12  2.397811071246463e-05  1.003218824939228  0.004881062883087145  
3.75967496578546e-07  0.003207518892735117  4.763996854411802e-12  2.534308132923436e-05  1.003220190192509  0.005018096715522529  
3.973730381485604e-07  0.003208240409075921  5.321911346358518e-12  2.678575112638809e-05  1.003221633142944  0.005158973743794028  
4.199972946715306e-07  0.003209002967119223  5.945163706097966e-12  2.831054282844341e-05  1.003223158209978  0.005303801622750421  
4.439096531392167e-07  0.003209808898913394  6.641405734664366e-12  2.992213089072504e-05  1.003224770064294  0.005452691017994778  
4.691834510607789e-07  0.003210660668864099  7.419185348800351e-12  3.162545582750026e-05  1.003226473642088  0.005605755689856736  
4.958962013837211e-07  0.003211560881238329  8.288051527129089e-12  3.3425739353515e-05  1.003228274160154  0.005763112579692688  
5.241298302206061e-07  0.003212512288092036  9.25867154689198e-12  3.532850038707234e-05  1.003230177131825  0.005924881898577542  
5.539709281106401e-07  0.00321351807328017  1.034296035161429e-11  3.734235971125229e-05  1.003232188656567  0.006091209684387251  
5.855110155867232e-07  0.003214581258961655  1.15542300635345e-11  3.946807959198782e-05  1.003234314841688  0.006262217020494606  
6.188468238624383e-07  0.003215704926000801  1.290735261386102e-11  4.171480174823872e-05  1.003236562030079  0.006438020199493339  
6.540805914998259e-07  0.003216892511314795  1.441894056597534e-11  4.408941364030779e-05  1.003238937104524  0.0066187535452182  
6.913203779678128e-07  0.003218147646904693  1.610755200933747e-11  4.659919473794244e-05  1.003241447339092  0.006804555136613048  
7.306803950529492e-07  0.003219474170913673  1.799391840457338e-11  4.925183882893355e-05  1.00324410042136  0.00699556691233303  
7.722813571388642e-07  0.003220876139314189  2.010119911218847e-11  5.20554775989331e-05  1.003246904475912  0.007191934778235228  
8.162508514287236e-07  0.003222357838253917  2.245526572995768e-11  5.501870555189175e-05  1.003249868089166  0.007393808717835712  
8.62723729246145e-07  0.003223923993160238  2.508501784367725e-11  5.815523216100295e-05  1.003253000529476  0.007601355713240093  
9.118425196146562e-07  0.003225579763144855  2.802273745913057e-11  6.146569435722815e-05  1.003256311755629  0.007814756828563738  
9.637578663841089e-07  0.003227329726553478  3.13044959456143e-11  6.496459517677993e-05  1.003259811428688  0.008034142363518716  
1.018628990244689e-06  0.003229179236135192  3.497058413419203e-11  6.866266034701358e-05  1.003263510267815  0.008259679899301355  
1.076624177045493e-06  0.00323113394847356  3.906601138732727e-11  7.257122604766005e-05  1.003267419601555  0.008491541699025232  
1.137921293915314e-06  0.003233199841212094  4.364105819755524e-11  7.67022736490942e-05  1.003271551402459  0.008729904837885324  
1.202708334768514e-06  0.003235383231253932  4.875189350278358e-11  8.106846643013829e-05  1.003275918323673  0.008974951336894486  
1.27118399686903e-06  0.003237690793993879  5.446126429743924e-11  8.568318838390295e-05  1.003280533737605  0.00922686830028672  
1.343558290220826e-06  0.003240129583637333  6.083926600633929e-11  9.056058523185849e-05  1.003285411776788  0.009485848056683625  
1.420053181653682e-06  0.003242708166395141  6.79641841635044e-11  9.572377991270839e-05  1.003290568475461  0.00975214486771421  
1.500903275579734e-06  0.003245433503001699  7.592350658083646e-11  0.000101172741110362  1.003296018712466  0.01002591184250858  
1.586356533508593e-06  0.003248313872532868  8.481495245361176e-11  0.0001069318629272303  1.003301779124929  0.01030735501124525  
1.676675034527701e-06  0.003251358084712145  9.474768402745532e-11  0.0001130187989005901  1.003307867355785  0.01059668924566804  
1.772135779080358e-06  0.003254575449302847  1.058436477490044e-10  0.0001194522072744358  1.003314302050954  0.01089413541364112  
1.873031538506442e-06  0.003257975804452424  1.182390714574633e-10  0.0001262518081727122  1.003321102916317  0.01119992054525191  
1.979671752951336e-06  0.003261569546647539  1.320861369174268e-10  0.0001334384440252132  1.003328290777943  0.0115142780034219  
2.092383480396979e-06  0.003265367662359031  1.475548482282008e-10  0.0001410341434350011  1.003335887645723  0.01183744765913935  
2.211512399725489e-06  0.003269382894325025  1.64835086939395e-10  0.0001490758093303878  1.003343917898949  0.0121697222600163  
2.337423870891812e-06  0.003273627244305353  1.841390097727432e-10  0.0001575616641943134  1.003352405856976  0.01251134075821708  
2.470504055456831e-06  0.003278113042030669  2.05703632514541e-10  0.0001665305341725566  1.003361376873175  0.01286253640504725  
2.611161100917462e-06  0.003282854008012238  2.297937088800818e-10  0.0001760099105189862  1.003370858424438  0.01322357714515531  
2.759826392466181e-06  0.003287864641550137  2.567049984229173e-10  0.0001860288490245267  1.003380879549707  0.01359473838822419  
2.916955876018805e-06  0.00329316026488646  2.867678977145928e-10  0.0001966180590391772  1.00339147093872  0.01397630321471532  
3.083031456568283e-06  0.003298757069854613  3.203514967854823e-10  0.000207809997571614  1.003402665025806  0.01436856258710407  
3.25856247615323e-06  0.00330467216717076  3.578681106311229e-10  0.0002196389687236953  1.003414496088992  0.01477181556673912  
3.444087275973823e-06  0.003310924471720034  3.997783019882694e-10  0.0002321639829578792  1.003427001176505  0.01518639675622951  
3.640174847446138e-06  0.003317534481193618  4.465965375314986e-10  0.0002453792902038863  1.003440219944461  0.01561266391535511  
3.847426577258514e-06  0.003324520520426793  4.988976991310257e-10  0.0002593467980298068  1.003454191012927  0.01605087825385035  
4.066478091781862e-06  0.003331903958117265  5.573239000901052e-10  0.0002741093173739837  1.003468957174072  0.01650137375283937  
4.298001206490799e-06  0.003339707375897365  6.225924529421938e-10  0.0002897120954578857  1.003484563652811  0.01696449367468244  
4.542705986374062e-06  0.003347954637100526  6.955046762529739e-10  0.0003062029543987736  1.003501058245025  0.01744059081673037  
4.801342923653445e-06  0.003356670959417559  7.769557328223326e-10  0.0003236324377274238  1.003518491463634  0.01793002777167427  
5.074705239490456e-06  0.003365882991668875  8.679456200781194e-10  0.0003420539652240088  1.003536916692961  0.01843317719463203  
5.363631316739246e-06  0.003375618894922963  9.695914476027805e-10  0.0003615239965661749  1.003556390351861  0.01895042207711441  
5.669007271207434e-06  0.003385912949683344  1.083140770976532e-09  0.0003821427338246105  1.00357697652028  0.01948227101671358  
5.991769669310613e-06  0.00339679278220349  1.209987945332694e-09  0.0004038947651473198  1.00359873444754  0.02002902434935595  
6.332908400455101e-06  0.003408291521950983  1.351690314849223e-09  0.0004268848638905634  1.003621730629132  0.02059109414119551  
6.69346971295864e-06  0.003420444338205154  1.509987594343026e-09  0.0004511834909173178  1.003646035497813  0.02116890791748203  
7.074559422819878e-06  0.003433288396443611  1.686823240596954e-09  0.0004768651166214547  1.003671723490388  0.0217629050291928  
7.477346305177581e-06  0.003446862971508415  1.884368313239031e-09  0.000504008449063119  1.003698873275209  0.02237353697160442  
7.903065678861332e-06  0.003461209567176994  2.10504813007194e-09  0.000532696675046601  1.003727567992579  0.02300126771072795  
8.353023195026787e-06  0.003476372042504257  2.351572044133506e-09  0.0005630177149392464  1.003757895508826  0.02364657401774031  
8.828598841495151e-06  0.003492401397402424  2.626966048990458e-09  0.0005951325719371867  1.003789953262217  0.02431004055264384  
9.33125117507824e-06  0.003509345292572955  2.93461132599322e-09  0.0006290076560828924  1.003823838094335  0.02499213663057801  
9.862521794868764e-06  0.003527253071760308  3.27828523977554e-09  0.000664810769283328  1.003859651347573  0.02569332775331837  
1.042404007021554e-05  0.003546179508581011  3.662207161315778e-09  0.000702651635190041  1.003897502713082  0.02641414579811203  
1.101752813788387e-05  0.00356618248565503  4.091090602220503e-09  0.0007426462208576741  1.003937508117958  0.02715513725742908  
1.164480618372685e-05  0.003587323170859358  4.570201085228489e-09  0.0007849170919131756  1.00397979007955  0.02791686362425466  
1.230779802506663e-05  0.003609666203561215  5.105420792200766e-09  0.0008295937879557908  1.004024478079886  0.02869990178614609  
1.300853701090573e-05  0.003633279891393482  5.703320783362633e-09  0.0008768132192506354  1.004071708961364  0.02950484442812902  
1.37491722580642e-05  0.003658239946109866  6.371240832915047e-09  0.0009268347746527564  1.004121630811635  0.03033235794835721  
1.453197524236895e-05  0.003684627805295001  7.117379759197743e-09  0.0009795894034400742  1.00417440153808  0.03118314466177469  
1.535934676510895e-05  0.003712516813648127  7.950899741053899e-09  0.001035346518252156  1.004230175530692  0.03205772381480133  
1.623382431612275e-05  0.003741992277096585  8.882034117617697e-09  0.001094276982164489  1.004289123621175  0.03295675595156951  
1.715808985610007e-05  0.003773144343718256  9.922214680150279e-09  0.001156561379885384  1.004351426353159  0.03388091957862107  
1.813497804196495e-05  0.003806068278257759  1.108421202715186e-08  0.00122239057073521  1.004417274534009  0.03483091162201739  
1.916748492056813e-05  0.003840864752181536  1.23822923571935e-08  0.001291966273099035  1.004486869817974  0.03580744789336825  
2.025877711735021e-05  0.003877640150158367  1.383239262457865e-08  0.001365501682087679  1.004560425322454  0.03681126356470377  
2.141220154815732e-05  0.003916506893886416  1.545231620847828e-08  0.001443222122307274  1.004638166279248  0.03784311365208078  
2.26312956839953e-05  0.003957602167263655  1.726194359801597e-08  0.00152557213120084  1.004720348756723  0.03890400629468055  
2.391979840020237e-05  0.004001035611503071  1.928349808597623e-08  0.001612404026295044  1.004807208713941  0.03999452215283469  
2.528166144331495e-05  0.004046939796446558  2.154179894551737e-08  0.001704177684144786  1.004899011919705  0.04111547556932002  
2.672106155079438e-05  0.004095455121284504  2.406457197138141e-08  0.001801174308958169  1.004996039550748  0.04226770652055301  
2.824241326078436e-05  0.004146729954219172  2.688279000361164e-08  0.001903691103107738  1.005098588768669  0.04345207738876839  
2.985038245118729e-05  0.004200921084230619  3.003105320235236e-08  0.002012042177015775  1.005206973628162  0.04466947349406104  
3.154990064958095e-05  0.004258194198414579  3.354801385882136e-08  0.002126559510769935  1.005321526036807  0.04592080363327981  
3.334618015786369e-05  0.004318724386347627  3.747685095849247e-08  0.002247593970351855  1.005442596769363  0.04720700062529296  
3.524473003801588e-05  0.004382715762308631  4.18657864140714e-08  0.002375866508061056  1.005570575234318  0.04852921488510813  
3.72513730080021e-05  0.004450357588409967  4.67687071811924e-08  0.002511091723142158  1.005705847075231  0.04988835079554234  
3.937226329963476e-05  0.004521847337776053  5.224581419217552e-08  0.002654012550562673  1.005848817387594  0.05128531893316843  
4.161390553316716e-05  0.004597403672029335  5.836435147741854e-08  0.002805066871294143  1.005999924073074  0.05272115445548891  
4.398317466650229e-05  0.004677257664223369  6.5199438215528e-08  0.002964717475580902  1.006159629928388  0.05419691936211331  
4.648733708020257e-05  0.004761653502462638  7.283499102679737e-08  0.003133453479491459  1.006328424059811  0.05571370306389895  
4.913407286296377e-05  0.004850849233359841  8.13647542823108e-08  0.00331179182176733  1.006506823378008  0.05727262295272884  
5.193149936590223e-05  0.004945117547584088  9.089345107942032e-08  0.003500278845907954  1.006695374177746  0.05887482497068432  
5.488819609789677e-05  0.005044761499061154  1.015380505527087e-07  0.003700088139968522  1.006894668360121  0.06052160414001686  
5.801323103833378e-05  0.005150104632756905  1.134292122164463e-07  0.003910677009665261  1.007105334675736  0.06221430359300592  
6.131618844795769e-05  0.00526144050708892  1.267129605010372e-07  0.004133249862955225  1.007327990364613  0.06395392096039092  
6.480719826311985e-05  0.005379109671652956  1.415523839610029e-07  0.004368488539679217  1.007563317410218  0.06574172281803439  
6.849696716357453e-05  0.005503472006360567  1.581296709689922e-07  0.004617113662251138  1.007812036567933  0.06757900709383816  
7.239681140910877e-05  0.005634907817326692  1.766483465871738e-07  0.004879886840490232  1.00807490956808  0.06946710359811914  
7.651869154570849e-05  0.00577381899480555  1.973357714144354e-07  0.005157613001876186  1.008352741444055  0.07140737454003958  
8.087524908770474e-05  0.00592063023667738  2.204459330917327e-07  0.005451142854147586  1.008646382992662  0.07340121502738611  
8.547984528840423e-05  0.006075790444578765  2.462625645230286e-07  0.005762394727010293  1.008956733474976  0.07545005420821904  
9.034660211810534e-05  0.006239848288464217  2.751024595027084e-07  0.006090348309494877  1.009284815703432  0.07755581635235871  
9.549044557518078e-05  0.006413239199877674  3.073198255084072e-07  0.006436963769029492  1.009631569826123  0.07971956073802985  
0.000100927151463057  0.006596493559877895  3.433102051259188e-07  0.006803302798551914  1.009998057957062  0.0819428195200643  
0.0001066733937734855  0.006790171855722671  3.835154642799072e-07  0.007190487470731494  1.010385402594273  0.0842271598988119  
0.0001127467958244943  0.006994866387706756  4.284292174030641e-07  0.00759970366974855  1.010794790050903  0.08657418444550841  
0.0001191659843098559  0.00721120307264606  4.786028879886682e-07  0.008032204718316076  1.011227474081193  0.08898553138348571  
0.0001259506464258356  0.007439843349459479  5.346524789440569e-07  0.008489315210275288  1.011684779712362  0.0914628748198575  
0.0001331215902504305  0.007681486192633842  5.972661358776339e-07  0.008972435061258452  1.012168107294095  0.09400792492187694  
0.0001407008085602687  0.007936948512927158  6.672122918733132e-07  0.009484911966049319  1.012679012888396  0.09662281171741409  
0.0001487115462808954  0.008206981854601371  7.453497722764615e-07  0.01002469915811188  1.013219032303385  0.09930914475465794  
0.0001571783717773161  0.008492376498231612  8.326380260761636e-07  0.01059520007686406  1.013789784892663  0.1020685629757423  
0.0001661272522034289  0.008794085833688696  9.301541925512115e-07  0.01120235337242712  1.014393132228631  0.1051784529962206  
0.0001755856331414464  0.009114786458219405  1.040246857134973e-06  0.01208841908988498  1.015039228216487  0.1093114525145761  
0.0001855825227755519  0.009454970716684268  1.166066250391619e-06  0.01312002953098316  1.015738246926922  0.1138517441599899  
0.0001961485808579429  0.009816606942268831  1.310810416868258e-06  0.01435465633170592  1.01649934923454  0.1190375599561802  
0.0002073162127401227  0.01020209898282492  1.478803532547718e-06  0.01586690506887731  1.017335180920808  0.1250007469366534  
0.0002191196687578152  0.01061460776015798  1.675704281486907e-06  0.0175168637785858  1.018262046673271  0.1318207078851725  
0.0002315951492743155  0.01105818159933848  1.908530381645822e-06  0.01968587355142523  1.019298986243244  0.1394624711407785  
0.000244780915704444  0.01153746791264232  2.185279041934182e-06  0.02219704844977229  1.020464957360279  0.1478004982025792  
0.0002587174078595919  0.01205822866946743  2.514684328095083e-06  0.02503035069146993  1.021778039751758  0.1566593441424678  
0.0002734473679737574  0.01262701381215824  2.906323698017497e-06  0.02814816167803226  1.02325547119887  0.1658988330745955  
0.0002890159717909511  0.01325119104868949  3.370682303323698e-06  0.03155455643885238  1.024913807071038  0.1754438676107345  
0.0003054709671159968  0.01393823059110783  3.919725050705541e-06  0.03526401278232216  1.026769973940443  0.1852923925986889  
0.0003228628202536727  0.01469600258295431  4.567350041570312e-06  0.03932966613642819  1.028842413241146  0.1954906689901403  
0.0003412448707852896  0.01553249376817469  5.330111976795343e-06  0.04368405573124139  1.031152104297498  0.2060886396931704  
0.0003606734951574031  0.01645761095315693  6.227664739637129e-06  0.04863516160176554  1.033724376665784  0.2171545430614299  
0.0003812082795843888  0.01748075619734167  7.282806126472563e-06  0.05410035678870235  1.036585289116754  0.2287635501717263  
0.0004029122027951344  0.01861377986446965  8.523273627506302e-06  0.06022422465611176  1.0397679508436  0.2410372608744409  
0.0004258518291843406  0.01986967558030183  9.983890719403409e-06  0.06717849618006574  1.043314193215758  0.2543238667054089  
0.0004500975129608051  0.02126327944092139  1.170778087841938e-05  0.07520111606088262  1.047274933674254  0.2698575527977636  
0.000475723613918789  0.02281269274868118  1.376140012152415e-05  0.08593206572206226  1.05173999364124  0.2898219430020785  
0.0005028087254942475  0.02454467987444715  1.629624043803464e-05  0.1036469487554578  1.056955096821798  0.3157613180936221  
0.0005314359158053253  0.02650131227407303  1.958610052847054e-05  0.1292832330805177  1.063356368445409  0.3474023213316546  
0.0005616929824163816  0.02874666394361237  2.389752446381836e-05  0.156149998668809  1.07129219185997  0.3810801579868896  
0.0005936727216069126  0.03135403556794496  2.938414700713984e-05  0.1854303368512619  1.08084956726023  0.411554704028521  
0.0006274732129711574  0.03437198786732693  3.605953153484092e-05  0.2086125167331552  1.091839829983001  0.4360268334160257  
0.0006631981202212661  0.03782794909098609  4.381307497205791e-05  0.2254934950042587  1.103891277131543  0.4543064519678144  
0.0007009570091165632  0.04173690348663282  5.263236194746696e-05  0.2415446322273792  1.116823337123699  0.4688188221023268  
0.0007408656834939568  0.04611128511368266  6.262342765949718e-05  0.2584151211007922  1.130638654992879  0.4821754824129306  
0.0007830465404301183  0.05098164484468516  7.39250272929661e-05  0.2760502778035443  1.145388584248772  0.4952719647720764  
0.0008276289456246369  0.05642288700656495  8.668390412951099e-05  0.2944373857968472  1.161160528902461  0.5081572576745761  
0.0008747496301554433  0.06254753155940168  0.0001010638086301571  0.3158756761718837  1.178082085843464  0.5207426818825311  
0.000924553109823358  0.06941213873083668  0.0001172465308308285  0.3358044354407055  1.196226412118797  0.5329861003723424  
0.0009771921283717997  0.07695423690685724  0.0001354400947176459  0.3565943798961605  1.215555532174469  0.5449899432218464  
0.001032828125941028  0.0850886822312468  0.0001558620569626908  0.3780946899030582  1.235996711406655  0.5570759487230874  
0.001091631734193617  0.09374572837724054  0.0001787422570688688  0.4001606975698676  1.257484333137485  0.5698095592976838  
0.001153783299629662  0.1028501231275237  0.0002043392766856996  0.423113727064798  1.279953810406832  0.5833682258039675  
0.001219473436696738  0.1124378371332913  0.0002329486809394346  0.4471158763790488  1.303461826610616  0.5961099301016028  
0.001288903612390897  0.1228039987549581  0.0002649115633083844  0.4723026198116332  1.32833648447511  0.6054823155051887  
0.00136228676414165  0.1343161695367768  0.0003005826778548672  0.4999087706735475  1.354961841040646  0.6117816962918886  
0.00143984795287601  0.1471233055139624  0.0003402944946979859  0.5256801980675102  1.383463881627064  0.6178234919078878  
0.001521825053264387  0.1610867102412983  0.0003843975691578509  0.551556831305311  1.413676564990568  0.6248614040776378  
0.001608469483265355  0.176049774661966  0.0004332928263221229  0.5777911143013227  1.44543183682114  0.6322796352227792  
0.001700046975206722  0.1919572112652178  0.0004874169078386179  0.6044322296997029  1.478665116956676  0.6394451701698635  
0.001796838390767723  0.2087964377112594  0.0005472509552443855  0.6315397225414037  1.51335969618581  0.6461729439167743  
0.001899140582361935  0.2265595453172712  0.0006133284193188782  0.6593148796074672  1.549510055150561  0.6524714658555333  
0.002007267303562577  0.2452942785395839  0.0006862300473235781  0.6875722228319503  1.58716705557612  0.6583696351901329  
0.002121550171362457  0.2650817455203306  0.0007665782376672428  0.7163571785864479  1.626411045206393  0.6638922504904204  
0.00224233968321984  0.2859814953850202  0.0008550355202691502  0.748041914025216  1.667295498195415  0.6690751326740609  
0.00237000629200933  0.3080075885015324  0.0009523447931335749  0.7780094690172388  1.709839767742779  0.6739570861930713  
0.002504941542174502  0.3311618635514585  0.001059332000359085  0.8087829065848946  1.754058758558236  0.6785388848912861  
0.002647559270567064  0.3554787043095429  0.001176902936802647  0.8403326480872069  1.800002439768947  0.6827301249202872  
0.00279829687565511  0.3810385922056631  0.00130600486772767  0.8723535979474025  1.847752785074109  0.6864394138492446  
0.002957616658993245  0.4079814929512885  0.001447645461323465  0.9048343223806632  1.897445013154828  0.6894619774534442  
0.003126007243068704  0.4364146966384959  0.001602923297903598  0.9376330432303586  1.949184877020438  0.6906480742787735  
0.003303985069871855  0.466304946127008  0.001772684943683525  0.9645371159299109  2.002834290598979  0.6880169215225109  
0.003492095984787264  0.4969835434776277  0.001956249963554966  0.9863622347969405  2.057177184224344  0.6820901208826803  
0.003690916910662782  0.5251016224053389  0.002154059512911792  1.01256882284059  2.108712569237785  0.6761862747429879  
0.003901057617190994  0.5456418884344088  0.002374022524416068  1.082842062471927  2.154200581326905  0.6719515107495398  
0.004123162591029748  0.5505769675000002  0.002634131770089018  1.147517297785608  2.189438936179036  0.6708824879700001  
0.004357913012397021  0.5505769675  0.002929651367385446  1.208347855108796  2.222837143196812  0.6708824879700001  
0.004606028844202388  0.5505769675000003  0.003258324899264005  1.272402459128986  2.25798133023326  0.6708824879700001  
0.004868271040122284  0.5505769675  0.003623871859756022  1.339851953981198  2.294962773033333  0.6708824879700001  
0.005145443878390925  0.5505769674999998  0.00403042902777984  1.410876235293166  2.333877519024085  0.6708824879700001  
0.005438397428464791  0.5505769674999998  0.004482597281754881  1.485664729657973  2.37482663676705  0.6708824879700001  
0.005748030158125363  0.5505769675000002  0.004985493666282221  1.564416899500735  2.417916478451378  0.6708824879700001  
0.006075291689016078  0.5505769675000001  0.005544809300113944  1.647342774684103  2.463258956109497  0.6708824879700001  
0.006421185709064759  0.5505769675000002  0.006166873780737776  1.734663512268521  2.510971832272721  0.6708824879700001  
0.006786773050723288  0.5505769675000001  0.006858726814422549  1.826611985918044  2.561179025821605  0.6708824879700001  
0.007173174944465598  0.5505769675000001  0.0076281978823395  1.923433406521552  2.614010933825465  0.6708824879700001  
0.007581576457522118  0.5505769675000001  0.008483994844315487  2.025385975682312  2.66960477020692  0.6708824879700001  
0.008013230128396887  0.5505769675000003  0.009435802482918304  2.132741573816219  2.728104922110985  0.6708824879700001  
0.008469459808314577  0.5505769674999998  0.0104943921030672  2.245786484691445  2.789663324904367  0.6708824879700001  
0.00895166472137832  0.5505769675000003  0.01167174342747139  2.36482215833892  2.854439856778795  0.6708824879700001  
0.009461323755890779  0.5505769675000001  0.01298118016734907  2.490166014365466  2.922602753983289  0.6708824879700001  
0.01  0.5505769675000001  0.01443752080263845  2.62215228780898  2.994329047763845  0.6708824879700001  
