# PlotEOS table
# Tabulated(filename=/Users/mbdeaton/EsOS/HShen_Tabulated.dat;)
# slice Temp = 0.01, Ye = 0.3, global minimum enthalpy = 0.9978583998657838
# WARNING: You are taking a constant-ye slice through a composition-dependent EOS. That's a strange thing to do.
# Units are geometric, with Msun=1.
# Conversion to cgs: rhoscale=6.177e17, Energypermassscale=8.989e20, Pscale=5.552e38
# [1] rho
# [2] eps, specific energy (E/rho)
# [3] P
# [4] dP/drho
# [5] h, specific enthalpy (1+eps+P/rho)
# [6] cs, adiabatic relativistic sound speed (nonrelcs/sqrt(h))
1e-10  -0.0006753336863782886  8.088268801498351e-15  0.0001125228417595429  0.9994055490016367  0.01236452655218003  
1.03760501976691e-10  -0.0006753336863782486  8.5833061863092e-15  0.0001151109829686  0.9994073886021881  0.01236452655218003  
1.076624177045493e-10  -0.0006753336863782363  9.108642021675433e-15  0.0001177586466597293  0.9994092700427213  0.01236452655218003  
1.117110650504822e-10  -0.0006753336863783232  9.666130705131787e-15  0.0001204672015733057  0.999411194274847  0.01236452655218003  
1.159119618598886e-10  -0.0006753336863782793  1.025774013144344e-14  0.0001232380479206125  0.9994131622718201  0.01236452655218003  
1.20270833476851e-10  -0.0006753336863783358  1.08855586391318e-14  0.0001260726181073519  0.9994151750290304  0.01236452655218003  
1.247936205471311e-10  -0.0006753336863782703  1.155180238215915e-14  0.0001289723774737931  0.9994172335645077  0.01236452655218003  
1.294864871145902e-10  -0.0006753336863782789  1.225882315279135e-14  0.0001319388250519285  0.9994193389194354  0.01236452655218003  
1.343558290220826e-10  -0.0006753336863782409  1.300911668325526e-14  0.0001349734943400406  0.9994214921586777  0.01236452655218003  
1.394082826282576e-10  -0.0006753336863782983  1.380533145549241e-14  0.0001380779540950684  0.9994236943713183  0.01236452655218003  
1.446507338521647e-10  -0.0006753336863782571  1.465027805010962e-14  0.000141253809143193  0.9994259466712111  0.01236452655218003  
1.500903275579733e-10  -0.000675333686378298  1.554693906752469e-14  0.0001445027012090511  0.9994282501975433  0.01236452655218003  
1.557344772926135e-10  -0.0006753336863782942  1.649847965633107e-14  0.0001478263097640157  0.9994306061154122  0.01236452655218003  
1.615908753895916e-10  -0.0006753336863782403  1.750825868604285e-14  0.0001512263528939686  0.999433015616414  0.01236452655218003  
1.676675034527701e-10  -0.0006713349575834604  1.844089016596472e-14  0.0001535843002338731  0.9994386499219323  0.01245935656217352  
1.739726432343799e-10  -0.0006671437898304934  1.941667519122155e-14  0.0001559283600470234  0.9994444638447392  0.01255875026959427  
1.80514887922111e-10  -0.0006629855960116728  2.044198700347277e-14  0.0001578765233254979  0.9994502570691157  0.01264268238686766  
1.873031538506435e-10  -0.0006588291351574281  2.152186021679552e-14  0.0001602742205650469  0.9994560747507321  0.01272580191106457  
1.943466926536022e-10  -0.0006546927140714297  2.26569398140506e-14  0.0001623370324342976  0.9994618872981978  0.01279786816869149  
2.016551038724744e-10  -0.0006505574357286092  2.385237317021027e-14  0.0001647937725935526  0.9994677255767623  0.01286930412735142  
2.092383480396979e-10  -0.0006465067274384618  2.510389477385377e-14  0.0001661909710442273  0.9994734707767287  0.01295049039070945  
2.171067602537263e-10  -0.0006424612227477869  2.642131850979481e-14  0.0001686646004677368  0.9994792361324102  0.01303227659078724  
2.252710642645983e-10  -0.0006384378956206  2.780460984738818e-14  0.0001706378559954939  0.9994849894515097  0.01311689971349841  
2.337423870891813e-10  -0.0006344160338739436  2.926086781885296e-14  0.0001731624626196026  0.9994907682263847  0.01320171028561733  
2.425322741760356e-10  -0.0006297551983196915  3.079758172570594e-14  0.0001761441985134079  0.9994972282385459  0.01329862802708361  
2.516527051405389e-10  -0.0006250492136071691  3.241614951766281e-14  0.0001787792300639895  0.9995037638245819  0.01339640124728519  
2.611161100917462e-10  -0.0006202092335907152  3.41199051078123e-14  0.0001813623245914423  0.9995104602417466  0.01349451265427474  
2.709353865732049e-10  -0.000615359166087173  3.591414522369806e-14  0.0001840811431426843  0.999517196959851  0.01359264952077482  
2.811239171408467e-10  -0.0006096221707395943  3.780858655423196e-14  0.0001873676428056763  0.9995248686507414  0.01368849929749172  
2.916955876018793e-10  -0.0006038142690275888  3.980445515270818e-14  0.00019021097817622  0.9995326446177178  0.01378416623044877  
3.026648059395695e-10  -0.0005979825063690501  4.19019812693571e-14  0.0001926100265761245  0.999540461014143  0.01387812617703904  
3.140465219496749e-10  -0.0005921487238739459  4.411083484176514e-14  0.000195520927176564  0.9995483108315063  0.01397194162670884  
3.25856247615323e-10  -0.0005863078459466117  4.642210468370298e-14  0.0001970309808026017  0.9995561540679293  0.01406252171668828  
3.381100782480682e-10  -0.0005804663337177422  4.885445601611212e-14  0.000199953604890166  0.9995640264192616  0.01415281257928519  
3.508247144239796e-10  -0.0005745844419921898  5.141018323010162e-14  0.0002024338989569464  0.9995719564974468  0.01424439213704157  
3.640174847446137e-10  -0.0005686987472091787  5.410065162120454e-14  0.0002054261178923545  0.9995799222775725  0.01433609306782465  
3.777063694539372e-10  -0.0005627615595559914  5.692450353692366e-14  0.0002077194546160951  0.9995879494375056  0.01443117164365282  
3.919100249433402e-10  -0.0005568192734762873  5.989660326679705e-14  0.0002107680916362481  0.9995960132632149  0.0145265846478291  
4.066478091781862e-10  -0.00055083678173228  6.301761373740379e-14  0.0002132408231347247  0.9996041317495498  0.01462333652413702  
4.219398080805024e-10  -0.0005448501132429465  6.630238361489048e-14  0.0002163549690518379  0.9996122869530996  0.01472022748851047  
4.378068629038175e-10  -0.0005388227623155463  6.97513061295973e-14  0.0002188622389034141  0.9996204970474905  0.01481846721038235  
4.542705986374043e-10  -0.0005327909851343194  7.338086135710417e-14  0.0002220421167566605  0.9996287445876657  0.01491685367722404  
4.713534534786916e-10  -0.0005266410579944979  7.719431298737253e-14  0.0002247826391341663  0.9996371305499521  0.01501825888569178  
4.890787094139589e-10  -0.0005204776901508936  8.120761232943968e-14  0.0002280403104353936  0.9996455643206059  0.01512000750530145  
5.074705239490477e-10  -0.0005142351285914719  8.542559227902273e-14  0.0002309374923242604  0.9996541009387219  0.01522279342490858  
5.265539630332755e-10  -0.000507983161681484  8.986467730746892e-14  0.0002342802043638902  0.999662682493914  0.01532570253826017  
5.463550352214887e-10  -0.0005015629130209993  9.453135728393967e-14  0.0002373251763290086  0.9996714589339281  0.01542843769832828  
5.669007271207434e-10  -0.0004951218288622754  9.944276719719124e-14  0.0002407595035440886  0.9996802929526679  0.01553115132068776  
5.882190401699968e-10  -0.0004886133600738335  1.046065530785288e-13  0.0002439178892043366  0.9996892226940741  0.0156329317635092  
6.103390288028621e-10  -0.000482096204848391  1.100411918750388e-13  0.0002474482309985045  0.9996981989863192  0.01573459191175674  
6.332908400455127e-10  -0.0004747999373475455  1.157376705392726e-13  0.0002498112745298004  0.999707956014927  0.01583670196813029  
6.571057546036271e-10  -0.0004673992299989714  1.217296389516876e-13  0.00025338797657542  0.9997178519842825  0.01593887233459993  
6.818162294944493e-10  -0.0004598711681264137  1.280269448598689e-13  0.0002565942322796317  0.9997279022220066  0.01604104327060601  
7.074559422819879e-10  -0.000452325373617337  1.346531754361634e-13  0.0002602657394310259  0.9997380089884093  0.01614321428591342  
7.340598369757197e-10  -0.0004443324883020927  1.416126239700911e-13  0.0002633619936155989  0.9997485845149677  0.01625335527696024  
7.616641716552892e-10  -0.0004362750097065221  1.489345931940177e-13  0.0002671193968151381  0.9997592633899406  0.0163646477273285  
7.903065678861364e-10  -0.0004282787477775921  1.566356570610675e-13  0.0002707435292926563  0.9997699173237545  0.01647493066047813  
8.200260619934131e-10  -0.0004202916536108199  1.647397533215992e-13  0.0002746157542678863  0.9997806040995328  0.01658506240908335  
8.508631582640564e-10  -0.0004125791462954798  1.732731891774552e-13  0.0002787127298700034  0.9997910648680146  0.01669478774695383  
8.82859884149515e-10  -0.0004049092254518132  1.822554911577614e-13  0.0002827250214919731  0.9998015283921474  0.01680445005340386  
9.160598475443691e-10  -0.0003970864375978712  1.916780552023346e-13  0.0002856658797462302  0.9998121554102095  0.01691037108811852  
9.505082962189511e-10  -0.0003892391182166759  2.01589326571421e-13  0.0002897465725968159  0.9998228466966819  0.01701569173750929  
9.862521794868765e-10  -0.0003811873162853379  2.11974818744045e-13  0.0002923752206456087  0.9998337423164728  0.01711630082597687  
1.023340212191642e-09  -0.0003731015886448175  2.228952670807872e-13  0.0002965041100920379  0.9998447099117979  0.0172161282191531  
1.061822941099382e-09  -0.000364649371582873  2.343377621250774e-13  0.0002991820855034675  0.9998560444494439  0.01731829393482816  
1.101752813788387e-09  -0.0003561343400846724  2.463677764174273e-13  0.0003033607654303468  0.9998674800435903  0.01742086042717235  
1.143184250129148e-09  -0.0003473160031308629  2.589788180458016e-13  0.00030627533990766  0.9998792256221728  0.0175249737702672  
1.186173716452479e-09  -0.0003384440018255638  2.72236900496672e-13  0.0003105162566043475  0.9998910644561015  0.01762936080030281  
1.230779802506663e-09  -0.0003295964182664018  2.861591920884896e-13  0.0003141474341464272  0.9999029059282181  0.01773984587510457  
1.277063301308645e-09  -0.0003207532914598886  3.007998841197404e-13  0.0003184905007252658  0.9999147870171619  0.01785144397143057  
1.325087291997951e-09  -0.0003118882323711403  3.161782782116365e-13  0.0003223200266340123  0.9999267211634936  0.01796470654756726  
1.37491722580642e-09  -0.0003030190464225368  3.323508196948575e-13  0.0003267742550452754  0.9999387051922857  0.01807828231843982  
1.426621015260735e-09  -0.0002940742132647126  3.493472427765291e-13  0.0003309131510022193  0.999950803185175  0.01819883387601542  
1.48026912673951e-09  -0.0002851147150989618  3.672233994209613e-13  0.0003354938210413747  0.9999629640921851  0.01832073776328448  
1.535934676510895e-09  -0.0002760893371877454  3.860058690140871e-13  0.0003396437831784501  0.9999752272551891  0.01844262101494993  
1.593693530381776e-09  -0.0002670508088745747  4.057596395675764e-13  0.000344348596143062  0.9999875524958589  0.01856450014749689  
1.653624407094179e-09  -0.0002574870669976717  4.265423534841113e-13  0.0003491683632219859  1.000000456847989  0.01868889973589231  
1.715808985610007e-09  -0.0002478154359675593  4.484070170006848e-13  0.0003540333183284037  1.000013523105071  0.01881381707528756  
1.780332016430112e-09  -0.0002380257124406333  4.713752272907146e-13  0.0003583048666467478  1.000026742444813  0.01893705160542845  
1.847281437099636e-09  -0.0002282110379223802  4.95531124920224e-13  0.0003632945418686845  1.00004003781413  0.0190599305858044  
1.916748492056813e-09  -0.0002180568653383772  5.208827539162771e-13  0.0003672557654154724  1.00005369644819  0.0191799611495508  
1.988827856988812e-09  -0.0002078289521903462  5.475385038951736e-13  0.0003723491753117519  1.000067478185112  0.01929937302391387  
2.063617767863857e-09  -0.0001974404173623159  5.755287616699881e-13  0.0003766597669633917  1.000081452685146  0.01941983893776322  
2.141220154815732e-09  -0.0001870160343379037  6.049614870798801e-13  0.0003818746140330472  1.00009551515972  0.01954054009640878  
2.221740781062882e-09  -0.0001763255358254207  6.358484114636903e-13  0.0003859924414600363  1.000109868252794  0.0196647067053332  
2.305289387051711e-09  -0.0001655740376661176  6.683206292508153e-13  0.0003913146904005811  1.000124333439028  0.01978966767329529  
2.391979840020237e-09  -0.0001545850957154948  7.024467614264681e-13  0.0003962541504032584  1.00013908241338  0.01991757375310592  
2.481930289186258e-09  -0.0001435402783040365  7.383370521272355e-13  0.0004017286804520176  1.000153944729774  0.02004617287896185  
2.575263326771199e-09  -0.0001322364690145355  7.760578477321003e-13  0.0004068283552804654  1.000169114402434  0.02017803351715992  
2.672106155079438e-09  -0.0001208701183842017  8.15729918549191e-13  0.0004124609972843132  1.000184405896567  0.02031068174512978  
2.772590759860481e-09  -0.0001091870935641372  8.574113341672135e-13  0.0004175136674217425  1.000200058449118  0.02044059388187003  
2.876854090190597e-09  -9.742562829544936e-05  9.012452714572717e-13  0.0004232981385878968  1.00021584895679  0.02056982828663653  
2.98503824511873e-09  -8.543859435465676e-05  9.472986093143146e-13  0.0004284704737249136  1.000231910307578  0.02069696687478637  
3.097290667331413e-09  -7.339426950847647e-05  9.957299575700908e-13  0.0004344102315208821  1.000248089912804  0.02082357315838141  
3.213764344100276e-09  -6.086711367518877e-05  1.046460681977772e-12  0.00043802895843042  1.000264751248449  0.02095110498227194  
3.334618015786369e-09  -4.821426175082521e-05  1.099761988991184e-12  0.0004440308189753967  1.000281587227891  0.02107887775341  
3.460016392185109e-09  -3.535461913711579e-05  1.155702610786255e-12  0.0004488568500406748  1.000298661894021  0.02120601146954645  
3.590130377007076e-09  -2.243981652072719e-05  1.214505432049741e-12  0.0004549887059225034  1.000315850246656  0.02133297472213096  
3.72513730080021e-09  -9.172350822565442e-06  1.276236400109774e-12  0.0004600905300344709  1.000333428819834  0.02147579484353497  
3.865221162631269e-09  4.191469639760906e-06  1.341128633675302e-12  0.000466365221478089  1.000351164793351  0.0216229473856868  
4.010572880855496e-09  1.768029208392579e-05  1.409287313811964e-12  0.0004719065684811881  1.000369073311405  0.0217696657955284  
4.161390553316715e-09  3.120408562113964e-05  1.48094639610748e-12  0.0004783460643211688  1.000387081857038  0.02191626275064455  
4.317879727332022e-09  4.487781377059575e-05  1.556257391458988e-12  0.0004843997726696565  1.000405299476655  0.02206089543757475  
4.480253679829499e-09  5.859447956193213e-05  1.635451382189892e-12  0.0004910298304357816  1.00042362992154  0.0222049656056603  
4.648733708020257e-09  7.250353444054978e-05  1.718679419519831e-12  0.0004972207331542396  1.000442212691271  0.02234881269350267  
4.823549431001457e-09  8.646897008214414e-05  1.806199930961504e-12  0.0005040451445065632  1.000460923499221  0.02249259440635707  
5.004939102700954e-09  0.0001008265495088895  1.898293560167998e-12  0.0005112295868592814  1.00048011059697  0.0226388491089777  
5.193149936590223e-09  0.0001153016959224476  1.995180228436026e-12  0.0005183014006623606  1.000499496308594  0.02278584522831173  
5.388438442608224e-09  0.00013002247428843  2.096996855644833e-12  0.0005247697238789365  1.000519188441011  0.02292747310604452  
5.591070776755281e-09  0.0001448185699302692  2.204071487065853e-12  0.0005320425808070294  1.000539031337944  0.0230674549384215  
5.801323103833378e-09  0.0001599406682856904  2.316618484480617e-12  0.0005388266933331008  1.000559266553608  0.02320006368895981  
6.019481973827286e-09  0.0001751649747605952  2.43498778870534e-12  0.0005463144613628494  1.000579682805247  0.02333036083656811  
6.245844712439618e-09  0.0001905601114417693  2.55881315684034e-12  0.0005497483419223625  1.000600242592299  0.02346360511890192  
6.480719826311958e-09  0.0002060099966455406  2.688819716498526e-12  0.0005572536692368978  1.000620905222571  0.02359779391377182  
6.724427423484249e-09  0.0002216249244358676  2.82486883889222e-12  0.0005610587818756621  1.000641715537508  0.02373421118974151  
6.977299649665552e-09  0.0002372939078144337  2.967702122243606e-12  0.0005686033033286343  1.000662630681531  0.02387135834918361  
7.239681140910876e-09  0.0002532779543921448  3.118016228451976e-12  0.0005768611223984937  1.000683962147213  0.02403624797546897  
7.511929493320954e-09  0.0002693674339169472  3.27613595060188e-12  0.000584697122471635  1.000705491861538  0.02421042135827169  
7.794415750404951e-09  0.0002856703096961097  3.442356178147105e-12  0.0005922896626667763  1.000727314210712  0.02439523429911478  
8.087524908770441e-09  0.0003020461313259261  3.617150388338701e-12  0.0006003736100767919  1.000749296733845  0.02458368419046033  
8.391656442830161e-09  0.0003189184344440636  3.802892158865062e-12  0.0006171407910808716  1.000772093821779  0.02474687663779841  
8.707224849239903e-09  0.0003359640607485726  3.999044617390405e-12  0.0006259994029751265  1.00079524295691  0.02490125163518558  
9.034660211810535e-09  0.0003532162222068165  4.205658304523316e-12  0.0006356819460853204  1.000818718875979  0.02505005344524596  
9.374408787662981e-09  0.000370542003614795  4.423200013308864e-12  0.0006448921526122  1.000842379760373  0.02519686867935045  
9.726933615426179e-09  0.0003885622983850414  4.646875003241541e-12  0.0006333388023981368  1.000866295074917  0.02528546052940193  
1.00927151463057e-08  0.0004068353142592115  4.880067592324833e-12  0.0006416708119649836  1.000890359075862  0.02535286592186364  
1.047225189888435e-08  0.0004253356148964482  5.124273245144372e-12  0.0006466758894247294  1.000914654750324  0.02542556301726852  
1.086606113854596e-08  0.0004439203277317396  5.380604379099632e-12  0.000655099423783661  1.000939095562851  0.02550022541941881  
1.127467958244947e-08  0.0004630669240811868  5.646163873831233e-12  0.0006503701993188732  1.000963849570057  0.02560601157249747  
1.169866413101306e-08  0.0004824264680638013  5.923608506220588e-12  0.0006583515482303985  1.000988775606725  0.02572359328271875  
1.213859262690629e-08  0.000501618882138891  6.215011704040082e-12  0.0006664171218550622  1.001013623188986  0.02586110452674595  
1.259506464258356e-08  0.000520746672351266  6.521101417622938e-12  0.0006746655558087124  1.00103849720422  0.02600632189276829  
1.306870229743348e-08  0.000539260420029437  6.843304294586692e-12  0.0006850323232901342  1.0010629011105  0.0261970777695333  
1.356015110565632e-08  0.0005575319684633314  7.182091916940757e-12  0.0006936687280880803  1.001087178862586  0.02640579558256442  
1.407008085602686e-08  0.0005759895279546564  7.540405506918213e-12  0.0007089913047738129  1.001111907237602  0.02664553037772534  
1.459918652473977e-08  0.0005945219172729441  7.918003583550177e-12  0.0007182846629262332  1.001136881148736  0.02689774290106653  
1.514818922258347e-08  0.0006132503726385423  8.318169231290627e-12  0.0007361346633659128  1.00116237007989  0.02718544248760172  
1.571783717773161e-08  0.000632059259970005  8.740389965680316e-12  0.0007462240558319426  1.001188140218619  0.02748769989424452  
1.630890675549334e-08  0.0006519790863741743  9.193162201121992e-12  0.0007775788255589462  1.001215668752331  0.02776649861011592  
1.692220351641035e-08  0.0006723635756619731  9.673641616460843e-12  0.000789258216391591  1.001244017356275  0.02803548546216177  
1.755856331414471e-08  0.0006935446117902217  1.018566694790613e-11  0.0008147586972895743  1.0012736414435  0.02828901300200037  
1.821885343465165e-08  0.0007150652841849623  1.072792742801127e-11  0.0008276928212643082  1.001303901868578  0.02853594891054573  
1.890397377819223e-08  0.0007376908606933764  1.129076224726527e-11  0.0008222367881831613  1.00133496011105  0.02870061920228866  
1.961485808579429e-08  0.0007607966328079391  1.187965805964224e-11  0.0008345221180278151  1.00136644251654  0.02882953653839463  
2.03524752118358e-08  0.0007844063719837413  1.249623259507296e-11  0.0008398613214815406  1.001398397174823  0.02893286635114811  
2.111783044448242e-08  0.0008082393268312276  1.314374956785362e-11  0.0008521685025129666  1.001430639890299  0.02902486301011075  
2.191196687578152e-08  0.0008332811755012045  1.381279153218408e-11  0.0008411839273318873  1.001463657791644  0.02912695330885237  
2.273596682327715e-08  0.0008588686310846594  1.451063587475949e-11  0.0008525759314212102  1.001497092463286  0.02923359914385232  
2.359095330508639e-08  0.0008847556510465493  1.524192028004243e-11  0.0008596199161468617  1.001530847399986  0.02934322575861802  
2.44780915704444e-08  0.0009107804215669032  1.600965639750957e-11  0.0008711574137387333  1.001564820641632  0.02945422304395156  
2.539859068780729e-08  0.0009363840696831111  1.681139896274023e-11  0.0008738821719773825  1.001598286896079  0.02960053863267068  
2.635370519267393e-08  0.0009617904449299521  1.765153776554951e-11  0.0008853223649348622  1.001631583843486  0.0297633989195237  
2.734473679737586e-08  0.0009873853454700509  1.853355920634574e-11  0.0008952296486539872  1.001665159622241  0.02993311450029369  
2.837303616516211e-08  0.001013070202132023  1.946018224479714e-11  0.0009069756420551946  1.00169893907184  0.03010610113104124  
2.944000475100034e-08  0.001038815795297536  2.043380679800529e-11  0.0009182405949862088  1.001732898794632  0.03030623187895923  
3.054709671159968e-08  0.001064590904709477  2.145711545480631e-11  0.0009303624359807141  1.001767018230533  0.03051955391042556  
3.169582088726115e-08  0.001090809751030703  2.253472840598343e-11  0.0009450365527116231  1.001801778193405  0.03073430464782225  
3.28877428582551e-08  0.001117248199758058  2.366872064947085e-11  0.0009577184386108594  1.001836930324235  0.03094976244215523  
3.41244870785289e-08  0.00114428773510614  2.486584387380814e-11  0.0009763670964107834  1.001872968105205  0.03116893878592693  
3.540773908965269e-08  0.001171630171340086  2.61274322369705e-11  0.0009898259776076885  1.00190953191002  0.03138998898927117  
3.673924781802074e-08  0.001199369165719387  2.745191464478631e-11  0.001000500162912887  1.001946578656256  0.03160047747752961  
3.812082795843888e-08  0.00122731161855639  2.884372896582339e-11  0.001014270826080965  1.001983951243416  0.03180554716330455  
3.955436244734702e-08  0.001255645536706172  3.030494820600269e-11  0.001025221787999464  1.002021804977308  0.03200123437945377  
4.104180502904709e-08  0.001284183921591326  3.18404211349661e-11  0.001039314169452605  1.002059988521619  0.03219202102619875  
4.258518291843414e-08  0.001313137205213375  3.34513312903721e-11  0.00104939077675696  1.00209865294092  0.0323841607670403  
4.418659956385942e-08  0.001342311080307962  3.514337707765276e-11  0.001063749465335476  1.002137651238286  0.03257701991479489  
4.584823751389096e-08  0.001371829660658147  3.691943048141207e-11  0.001074897656895971  1.002177082653649  0.03276973238610762  
4.75723613918789e-08  0.001401534780178239  3.878538355724105e-11  0.001089578625609443  1.002216827156307  0.0329623654826467  
4.936132098237917e-08  0.001431962018305334  4.074350879713243e-11  0.001100579528638381  1.002257375682005  0.03316062252294201  
5.121755443364241e-08  0.00146278696598197  4.28003975263473e-11  0.001115568789877244  1.002298445716183  0.03336197697149398  
5.314359158053241e-08  0.00149399762597732  4.496003864427097e-11  0.001127773377042016  1.002340008166611  0.03356321822375405  
5.514205739240302e-08  0.001525424467036812  4.722925235832427e-11  0.001143133445432444  1.002381925921493  0.03376439603263003  
5.721567555063251e-08  0.001557594892809621  4.961229744534925e-11  0.001155981954592593  1.002424705120346  0.03397238795279613  
5.936727216069126e-08  0.00159018939488558  5.211651348171129e-11  0.001171742622832637  1.002468055457868  0.03418426605172816  
6.159977960380168e-08  0.001623133190957004  5.474636476615971e-11  0.001184896469496576  1.002511876058517  0.03439556762469688  
6.391624053344005e-08  0.001656279675127441  5.750992083923396e-11  0.001201067963213327  1.002556049754833  0.03460653465154381  
6.631981202212676e-08  0.001689922622187044  6.041290001091963e-11  0.001215042326172606  1.002600855542063  0.03482184478061963  
6.88137698641567e-08  0.001723858667370439  6.346395648213658e-11  0.001231663782204977  1.002646115311752  0.0350397189585713  
7.140151304013404e-08  0.001758219949820334  6.666828155866227e-11  0.001245542637002219  1.002691929597138  0.03525829369002934  
7.408656834939568e-08  0.001792836627961191  7.003560586681564e-11  0.001262600918455929  1.002738157857263  0.03547728917093967  
7.687259521663736e-08  0.001828039259690476  7.357248430971687e-11  0.001277029172052188  1.002785109644818  0.03570053487256942  
7.976339067929281e-08  0.001863599880402565  7.728951547629819e-11  0.001294547800171748  1.002832584709383  0.03592637725117302  
8.276289456246335e-08  0.001899656815955923  8.119444838383877e-11  0.001309707191625676  1.002880705736648  0.03615331150753641  
8.587519484845179e-08  0.001936022182049744  8.529876836879862e-11  0.00132771959629369  1.002929309807415  0.0363809243018339  
8.910453324821504e-08  0.001972938517958624  8.961112213255855e-11  0.00134350345845241  1.002978623850297  0.03661039332523949  
9.24553109823358e-08  0.002010203104822295  9.414405084081641e-11  0.001362036554680073  1.003028468576438  0.03684103561357144  
9.593209477938232e-08  0.002048071765708665  9.890502704950977e-11  0.001377358498323257  1.003079061730819  0.03707232766793385  
9.953962309984243e-08  0.002086328747722611  1.039082994984135e-10  0.001396377427914339  1.003130217565688  0.03730403741593703  
1.032828125941027e-07  0.002125128289368834  1.09163294665547e-10  0.001412055427077545  1.003182064016851  0.0375356478361993  
1.071667648032864e-07  0.00216428252828369  1.146856695262576e-10  0.00143157222890341  1.003234443316815  0.03776719332115065  
1.111967731120698e-07  0.002204129892245348  1.204855277593258e-10  0.001447459666855825  1.003287664282563  0.03799664861880303  
1.153783299629662e-07  0.002244438049126208  1.265801463613187e-10  0.001467477976113917  1.003341525746634  0.03822471434972143  
1.197171343418966e-07  0.002285249298346094  1.329812360542616e-10  0.001483820198228538  1.003396044647611  0.03845101023236248  
1.242190995452619e-07  0.002326400643336936  1.397077152081704e-10  0.001504357534944316  1.003451088519192  0.03867610967874725  
1.288903612390892e-07  0.002368371952441896  1.467561642869898e-10  0.001515140008325677  1.003506984358181  0.0389023671607268  
1.337372858212498e-07  0.002410906878847482  1.541503407430066e-10  0.001535875466032805  1.003563542359644  0.03912942063961032  
1.387664790981307e-07  0.002453927986751726  1.619128690314994e-10  0.001551897751963514  1.003620729004431  0.03935589700913797  
1.43984795287601e-07  0.002497288877596967  1.700667155033079e-10  0.001573123889805034  1.003678432450178  0.03958197004798614  
1.493993463605256e-07  0.002541457896136268  1.786272516429326e-10  0.001589666348496755  1.003737093994917  0.03982026017552076  
1.550175117335772e-07  0.002586201131126923  1.876195135743685e-10  0.001611404934178734  1.00379651286608  0.04006723117534574  
1.608469483265355e-07  0.002631456947997172  1.970636318423103e-10  0.00162931599294258  1.00385661933928  0.04031439030139697  
1.668956009978027e-07  0.002677083045747531  2.069865084149475e-10  0.001651635950776829  1.003917298528825  0.04056168532679884  
1.731717133723353e-07  0.002723449756563582  2.174129424918699e-10  0.001671311584132949  1.003978925828596  0.04081505018791071  
1.796838390767723e-07  0.002770360359493952  2.283718238351588e-10  0.001694302922167128  1.004041325099609  0.04107287262063525  
1.864408533970485e-07  0.002817865153725179  2.39883402015264e-10  0.001713497534447996  1.00410451128114  0.04133163140327697  
1.934519653744048e-07  0.002865813539273517  2.519799981766208e-10  0.001737123049711109  1.004168359097231  0.04159108921448591  
2.007267303562568e-07  0.002914480141586564  2.646896388239854e-10  0.001757454947913292  1.004233136796603  0.04185378261217417  
2.082750630190519e-07  0.002963691786777142  2.780475372222728e-10  0.001781768927261861  1.004298693362059  0.04211893144317119  
2.161072508808377e-07  0.003013572712393947  2.920834371812233e-10  0.001802768359505801  1.004365139751402  0.04238689592772971  
2.242339683219845e-07  0.003063969918459185  3.068360384400488e-10  0.001827797966718593  1.00443234439239  0.04265703239704556  
2.326662911331458e-07  0.003115047147527219  3.223380257900515e-10  0.00184936899395871  1.004500456371271  0.04292979277511549  
2.414157116103018e-07  0.003166657574733176  3.386319946078523e-10  0.001875135686553785  1.00456935001902  0.04320461052956279  
2.504941542174502e-07  0.003218986068504626  3.557590415458411e-10  0.001898240089168276  1.00463921498625  0.04347857652159712  
2.599139918382933e-07  0.00327188683523005  3.737657169950963e-10  0.001924819285305513  1.004709922988465  0.04375186368994648  
2.696880626390692e-07  0.003325419262561693  3.926878269730261e-10  0.001947432901550209  1.004781500867103  0.04402380959766018  
2.798296875655116e-07  0.003379463351476364  4.125770729288151e-10  0.001974784847543851  1.00485384970597  0.04429466904924098  
2.903526884977814e-07  0.003434335526059521  4.334465184417919e-10  0.001992483914781402  1.00492716316504  0.04456024063951176  
3.012714070881164e-07  0.003489889446896309  4.553543139548262e-10  0.002020320543599826  1.005001331632386  0.04482145884006393  
3.126007243068704e-07  0.003546060369943243  4.783598534601597e-10  0.002041427265490536  1.005076318671554  0.04508017965081816  
3.243560807235811e-07  0.003602747556720591  5.025256154368025e-10  0.002069934707548159  1.005152049836844  0.04533681082274937  
3.365534975507094e-07  0.003660378484977888  5.278595960200373e-10  0.002085002371569177  1.005228805495428  0.04559775740799561  
3.492095984787272e-07  0.003718811950522939  5.544305886208786e-10  0.002113834188781475  1.005306484772336  0.04586237372714023  
3.62341632332315e-07  0.003777882299170524  5.823314897936187e-10  0.002135854011814359  1.005385016113867  0.04612705376374621  
3.759674965785468e-07  0.003837503062489303  6.116362182950616e-10  0.002165397042094646  1.005464335764415  0.04639178886701266  
3.901057617190993e-07  0.003898080162173285  6.423957287464168e-10  0.002186293849539454  1.005544802132942  0.04666646569897129  
4.047756965997322e-07  0.003959497206750671  6.746905622334643e-10  0.002216476714702484  1.005626322976927  0.04694987429576911  
4.199972946715306e-07  0.00402162432275063  7.0860975317184e-10  0.002240492499314968  1.005708801269274  0.04723586562419035  
4.35791301239703e-07  0.004084385227730208  7.44241547297685e-10  0.002271481440666875  1.005792178717826  0.04752416222330335  
4.521792417370702e-07  0.004148061285587964  7.816746453096648e-10  0.002297054160183449  1.005876744456241  0.04782260746049866  
4.691834510607799e-07  0.004212567447280564  8.210060053263947e-10  0.002328925668793497  1.00596242883619  0.0481302581797422  
4.868271040122284e-07  0.004277827578612785  8.623514884084635e-10  0.002357830454441425  1.006049198731331  0.04843911219158616  
5.051342468816767e-07  0.004343782707476866  9.058189221822145e-10  0.002390759031578252  1.00613700684101  0.0487490753799054  
5.241298302206061e-07  0.004410553905673226  9.515328339800251e-10  0.002422307504942376  1.006226006450283  0.0490614536880126  
5.438397428464802e-07  0.004478089542310555  9.996135301950066e-10  0.002456427320612953  1.006316155890612  0.04937609431665216  
5.642908471262543e-07  0.004546478928818959  1.050114833945055e-09  0.002482378067780983  1.006407424998196  0.04968565596498936  
5.855110155867244e-07  0.004615681012033497  1.103163546334041e-09  0.002517359536084268  1.00649978484094  0.0499903828593756  
6.075291689016077e-07  0.00468570428349744  1.158884757060386e-09  0.002544028716854208  1.006593241923469  0.05029096902236282  
6.303753153071269e-07  0.00475652192013902  1.217416974467506e-09  0.002579901905101147  1.00668777929159  0.05058754970568556  
6.540805914998259e-07  0.004828295726112847  1.27883745180825e-09  0.002602054896075488  1.006783463741228  0.05088760591561831  
6.786773050723288e-07  0.004901009450251273  1.343289664036003e-09  0.002638557422467558  1.006880285394793  0.05119107858169984  
7.041989785449296e-07  0.004974530119096047  1.41096144393408e-09  0.002664372319573215  1.006978170406745  0.05149468003141557  
7.306803950529492e-07  0.005048856863604905  1.482013511764525e-09  0.002701703933295195  1.007077121918749  0.05179841012607152  
7.581576457522118e-07  0.005124281586790569  1.556678433816704e-09  0.002732775796403769  1.00717752004259  0.05211388553072702  
7.866681790071574e-07  0.005200820867990539  1.635140938589589e-09  0.002771220861150939  1.007279385861751  0.05244128359806759  
8.162508514287236e-07  0.005278163245855132  1.717566994590168e-09  0.002801073095985959  1.007382377889655  0.05276858259086429  
8.469459808314576e-07  0.005356334050587049  1.804153902472311e-09  0.002840550619523919  1.007486521740599  0.05309577938424005  
8.787954011821328e-07  0.005435681415889361  1.895184255055046e-09  0.00287548384522845  1.00759225193561  0.05342369809990397  
9.118425196146562e-07  0.005516262113090178  1.990886481905965e-09  0.002916265906715578  1.007699628691288  0.05375237357200596  
9.461323755890779e-07  0.005597662991333434  2.091402028833349e-09  0.002945891519443542  1.007808138060989  0.05407923797790456  
9.817117022752183e-07  0.005679937559577965  2.19696011832832e-09  0.00298766623591622  1.007917824826519  0.05440417316287362  
1.018628990244686e-06  0.005763219189782851  2.307732785813647e-09  0.003012576399651945  1.00802874747134  0.05472809447906256  
1.056934553557987e-06  0.005847590977727304  2.423947417662372e-09  0.003055072028451427  1.008140966106303  0.05505091826904082  
1.096680598336867e-06  0.00593286899857468  2.546010822627229e-09  0.003086357296098543  1.008254429922045  0.05537565908845504  
1.137921293915314e-06  0.006019143945470409  2.674195231346815e-09  0.003129924662523803  1.008369214416641  0.05570250878801872  
1.180712846666189e-06  0.006106448415274338  2.808817245635623e-09  0.003161164619408078  1.008485364892356  0.05603494371410132  
1.225113576604118e-06  0.006194903829796723  2.950168751740193e-09  0.00320579137889315  1.008602981585263  0.0563736225876594  
1.271183996869028e-06  0.00628436282783619  3.098665355455536e-09  0.003239820717214579  1.008721984260365  0.05671502164521335  
1.318986896198669e-06  0.006374962006303778  3.254636660064821e-09  0.003285652426711413  1.008842489674277  0.05705951112872806  
1.368587424502518e-06  0.006466594144521757  3.418497336607591e-09  0.003320549104481465  1.008964423128922  0.05740688737591588  
1.420053181653682e-06  0.006559418930711986  3.590606589580548e-09  0.003367622616474506  1.009087920423451  0.05775759665988552  
1.473454309619834e-06  0.0066533495600968  3.771429143865414e-09  0.003403479651873236  1.009212932927727  0.05811214015330388  
1.52886358805873e-06  0.006748577785076646  3.961356893944891e-09  0.003451836885650151  1.00933962444541  0.05847118270528043  
1.58635653350859e-06  0.006844828955984863  4.160895063511356e-09  0.003488163131736317  1.009467754493606  0.05883140413705631  
1.64601150230855e-06  0.006942300027608138  4.370466472087985e-09  0.003537818629453811  1.009597485891108  0.05919303142643421  
1.707909797389427e-06  0.007040976376476856  4.590729976833951e-09  0.003577958918798641  1.009728899347497  0.05955584045331804  
1.772135779080358e-06  0.007141113538787194  4.822175079681504e-09  0.003629113086561057  1.009862222799492  0.05992008176313852  
1.838776980082327e-06  0.007242255162984096  5.065364109959028e-09  0.003667768429736645  1.009997001477968  0.06028309619514383  
1.907924224765265e-06  0.007344634124736705  5.320802170694486e-09  0.003720324827953105  1.0101334252631  0.06064459930848445  
1.979671752951333e-06  0.007448228566891117  5.588964140628884e-09  0.00375221144887336  1.010271405758916  0.06100733679862001  
2.054117348353064e-06  0.0075533448228706  5.870299227422615e-09  0.003805783516139488  1.010411165595442  0.0613716197613683  
2.131362471841437e-06  0.00765946718643477  6.1658476620065e-09  0.003844329641103289  1.01055238087121  0.06173525601707026  
2.211512399725489e-06  0.00776686990287936  6.476178545281619e-09  0.003899282668606862  1.010695263406839  0.06209806928600391  
2.294676367231936e-06  0.007875543085118352  6.802186014124437e-09  0.00393849479002468  1.010839876579488  0.06246988095225211  
2.380967717380358e-06  0.007985859631364086  7.144482273410638e-09  0.003994856090665391  1.010986522858025  0.06285333216230768  
2.470504055456826e-06  0.008097265743375673  7.50413554291066e-09  0.004036489139108022  1.011134757435136  0.06323615091625223  
2.563407409296515e-06  0.008210104454253284  7.881835327076708e-09  0.004094383241102946  1.011284853828267  0.06361813809496239  
2.659804395593759e-06  0.008324247698459835  8.278777372286648e-09  0.004138912595053027  1.01143679890185  0.06400253187859446  
2.759826392466181e-06  0.008440134525226172  8.695746995496552e-09  0.004198488864954756  1.011590965685923  0.06439014222578759  
2.863609718508116e-06  0.008557181658490183  9.133754253220799e-09  0.004239050632454735  1.011746776313861  0.06477733642962977  
2.971295818577334e-06  0.008675805288507255  9.59353557014649e-09  0.004300077527425289  1.011904543238517  0.06516396522369217  
3.083031456568277e-06  0.008795672948366242  1.007645793503189e-08  0.004340205450629943  1.012064033351749  0.06555102329526941  
3.198968915434538e-06  0.008917258920271346  1.05832797179824e-08  0.0044026521641337  1.012225599825655  0.06593867430497403  
3.31926620473319e-06  0.009040080575007704  1.111573610401825e-08  0.004446091837567039  1.012388934031885  0.06633271073895397  
3.444087275973823e-06  0.00916463742371585  1.167470940557818e-08  0.004510135473375673  1.012554420687056  0.06673571383446819  
3.573602246065788e-06  0.009290419663597487  1.22619714951155e-08  0.004554637970322204  1.012721683316013  0.06714327029538554  
3.707987629168172e-06  0.009417951369470257  1.287847361775166e-08  0.004620329388252179  1.01289112196919  0.06755732750324006  
3.847426577258506e-06  0.009546841801885782  1.352679380510564e-08  0.004676453596712937  1.013062644776544  0.06797535201140847  
3.992109129748054e-06  0.009677704537074384  1.42083247827624e-08  0.004744425151925765  1.013236806836379  0.06839913538066091  
4.142232472483898e-06  0.009809804534013242  1.492475270477007e-08  0.004796598076340271  1.013412874328843  0.06882319715970354  
4.298001206490799e-06  0.00994373067908386  1.567737977458034e-08  0.004866614569599771  1.013591328485921  0.06924766986029801  
4.459627626819096e-06  0.01007909786793593  1.646804138206832e-08  0.00491172756231108  1.013771792137528  0.06965556109088986  
4.627332011878693e-06  0.01021662781372366  1.72977836154163e-08  0.004983386911277881  1.013954804277183  0.0700385664091094  
4.801342923653455e-06  0.01035538304021018  1.816966078875344e-08  0.005032319899240017  1.014139670286023  0.0704174376894732  
4.981897519205165e-06  0.01049600828825314  1.908492214834752e-08  0.00510582904335762  1.014326862310195  0.07078999960748983  
5.169241873891604e-06  0.01063814285009275  2.004310921376191e-08  0.00510721470994321  1.014515521719709  0.07116455316502712  
5.363631316739246e-06  0.01078262000340022  2.104298731010616e-08  0.005179973977058141  1.01470589251552  0.07154219792716238  
5.565330778427652e-06  0.01092835305006539  2.20934439215143e-08  0.005230581609670766  1.01489818787231  0.07192368739145986  
5.774615152359826e-06  0.01107606854771975  2.319596315401727e-08  0.00530532050849962  1.015092953230422  0.07231124578952267  
5.991769669310625e-06  0.01122523021002585  2.435493358357935e-08  0.005364701824714718  1.015289961487719  0.07272529508029572  
6.217090286163834e-06  0.01137671368941232  2.557242902354284e-08  0.005441890529742419  1.015489960859146  0.07318187549441932  
6.450884089267699e-06  0.01152950974792669  2.685226389444166e-08  0.005501759785311461  1.015692080881256  0.07363810015626866  
6.693469712958667e-06  0.01168444931599768  2.819659674773863e-08  0.005581413352502172  1.015897002439701  0.07409374385626699  
6.945177773823704e-06  0.01184079024978918  2.961083834009851e-08  0.005653140414423135  1.016104300746483  0.07455133654800553  
7.20635132129306e-06  0.01199945912177349  3.109812196735449e-08  0.005735895079969274  1.016314836013748  0.07501216689016241  
7.477346305177596e-06  0.01215959492243422  3.266422366467609e-08  0.005822587849313239  1.016528019538806  0.07550223310199047  
7.758532060787827e-06  0.01232220974641814  3.431366579035144e-08  0.005909249557023198  1.016744910525574  0.07604170621680653  
8.050291812295972e-06  0.01248634156559932  3.605144125097803e-08  0.006004708637066207  1.016964619135105  0.07661333811613415  
8.35302319502677e-06  0.01265308158194346  3.788306738804137e-08  0.006095742952893569  1.017188333849721  0.07724026119282254  
8.667138797389225e-06  0.01282137894801169  3.980991416969638e-08  0.006166308959294795  1.01741458036088  0.07781271768154333  
8.993066723187614e-06  0.01299240065364662  4.183503963836375e-08  0.006260298258189996  1.017644322064448  0.07828989340039286  
9.33125117507824e-06  0.01316491965916362  4.396524333677887e-08  0.006329957237670286  1.017876532551355  0.07873418324068358  
9.682153059967076e-06  0.01334010391744053  4.620347499720046e-08  0.006426837577128695  1.018112128766773  0.07911993492196598  
1.00462506171734e-05  0.01351693549098684  4.854603054504498e-08  0.00640631522612295  1.018349189074434  0.07950548089024993  
1.042404007021556e-05  0.01369675105830701  5.098421540190114e-08  0.006501101920490513  1.018587773642495  0.07989065422415234  
1.081603630310709e-05  0.01387805217052702  5.35431748613892e-08  0.00653657050401828  1.018828403053318  0.08027471721231863  
1.122277356208507e-05  0.01406209193597188  5.622138721848153e-08  0.006632457594515895  1.019071672402642  0.08065673323985049  
1.164480618372685e-05  0.01424779115917887  5.903606235930789e-08  0.006695290956694835  1.01931752451737  0.08108899789440278  
1.208270935044776e-05  0.01443660415943506  6.198956776221851e-08  0.006793791128256955  1.019567040220112  0.08161554817956214  
1.25370798744092e-05  0.01462689832226565  6.509406679877814e-08  0.006860407612147882  1.019819021803241  0.08214347610931573  
1.300853701090571e-05  0.01482002150228214  6.835239343472315e-08  0.006961728117787687  1.020074447374878  0.0826740353371461  
1.349772330233942e-05  0.01501477141658252  7.178452266655716e-08  0.007072178666951522  1.020333040361547  0.08319881887296787  
1.40053054539322e-05  0.01521268436649181  7.540133034552902e-08  0.007178703189631138  1.020596453438402  0.08371237210543112  
1.453197524236895e-05  0.01541215539910143  7.920212500871532e-08  0.007238165479302417  1.020862352202203  0.08421993788659127  
1.507845045861051e-05  0.01561471087820993  8.318742960815078e-08  0.007347081556110822  1.021131685572426  0.08471565065558495  
1.564547588616096e-05  0.01581901564696182  8.737105953920542e-08  0.007384186330045038  1.021403445304131  0.08519714312313219  
1.623382431612278e-05  0.0160268465111272  9.174799808257487e-08  0.007494299140890733  1.021678502972104  0.08564997130406873  
1.684429760042315e-05  0.01623631897606162  9.634730744827387e-08  0.007555970902211986  1.021956195799293  0.0861070658750909  
1.747772774464681e-05  0.01644916115863267  1.011692541686037e-07  0.007668654804917394  1.022237628380843  0.08657291807475774  
1.813497804196495e-05  0.01666373667233488  1.062351808762876e-07  0.007726413582350908  1.022521763113307  0.08704656470709859  
1.881694424970556e-05  0.01688193587505254  1.115436537588326e-07  0.007841477112939305  1.022809766253812  0.08753650632171769  
1.952455581016861e-05  0.01710176984466865  1.171222370241284e-07  0.007906809436644513  1.023100484394842  0.08803067078653123  
2.025877711735017e-05  0.01732508494426217  1.229709514070733e-07  0.008024685142489761  1.023395093548175  0.08853382753667455  
2.102060883130158e-05  0.01755004597484557  1.291174954468041e-07  0.008091543683980833  1.023692470130255  0.08904025457015168  
2.18110892419152e-05  0.01777857746831784  1.355615448246152e-07  0.008212333751362511  1.023993835373187  0.08955377571957034  
2.26312956839953e-05  0.0180088669748932  1.423380760906926e-07  0.008296590242349813  1.024298302545803  0.09007737141633491  
2.348234600554276e-05  0.01824304190992275  1.494520483713148e-07  0.00842124761067126  1.02460748472735  0.09062323312059067  
2.436540009125466e-05  0.01847891744560353  1.569319990779669e-07  0.008501392132626309  1.02491968995458  0.09117225540719046  
2.5281661443315e-05  0.01871862281984821  1.647804023109943e-07  0.00862970440035191  1.025236406577077  0.09172839548487073  
2.623237882163124e-05  0.01896022142687483  1.730394683395647e-07  0.008733673027290305  1.025556629229467  0.092301089517041  
2.72188479457518e-05  0.01920616516556331  1.817208326266342e-07  0.00886693625926549  1.02588245186913  0.09291177629498082  
2.824241326078436e-05  0.01945383270649583  1.908509314621665e-07  0.008952116363396155  1.026211432692725  0.09352332937686285  
2.930446976972144e-05  0.01970553269552053  2.004315907958044e-07  0.009089316962053871  1.026545157925761  0.09413690898219926  
3.040646493467069e-05  0.01995912150271152  2.10520786540247e-07  0.009215178849337436  1.026882674996765  0.09475216633959123  
3.154990064958089e-05  0.02021721451081786  2.211398768100159e-07  0.009358536836326972  1.027226424437219  0.0953714245756693  
3.273633528715248e-05  0.02047705691300556  2.323105042453248e-07  0.009447894969239172  1.027573468353308  0.0959828887715013  
3.396738582272209e-05  0.02074115263126054  2.440323258243878e-07  0.009595418383035572  1.027925465462928  0.09657540325384828  
3.524473003801588e-05  0.02100716528201624  2.563685129476767e-07  0.00969991295083546  1.028281118371489  0.09713502289011811  
3.657010880777493e-05  0.02127793049435164  2.69325854179149e-07  0.009852448007346524  1.028642575089609  0.09761308786466381  
3.794532847236942e-05  0.02155055804122765  2.829389905023766e-07  0.009896827957925649  1.02900704878444  0.0980872516484522  
3.937226329963483e-05  0.02182789460842292  2.971714216288519e-07  0.01005112896996698  1.029375629910488  0.09855155104636362  
4.085285803928565e-05  0.02210726237897431  3.120942392356066e-07  0.01002621655971242  1.029746733745592  0.09900900010724378  
4.238913057338783e-05  0.02239186919039362  3.276145937527268e-07  0.01017870254875795  1.030120609773679  0.0994487802352923  
4.398317466650229e-05  0.02267832801001  3.439241100275296e-07  0.01024298327444799  1.030497775165321  0.09990226940407586  
4.563716281924763e-05  0.0229696603530546  3.609947976330051e-07  0.01039857433872288  1.030879766401118  0.1003918336460213  
4.735334922917121e-05  0.02326287373289203  3.789309139067281e-07  0.01045789083205744  1.031265072522947  0.1008979619443295  
4.913407286296367e-05  0.0235611381231114  3.976949156009258e-07  0.01061639649620717  1.031655214034752  0.1014485684904808  
5.09817606442043e-05  0.02386113864155671  4.174246055727621e-07  0.01070535537990285  1.032048863041385  0.1020111547798146  
5.289893076098157e-05  0.02416589717199488  4.381051720395313e-07  0.01086840216871981  1.032447825856321  0.1026065726082394  
5.488819609789677e-05  0.02447243406214199  4.598506773469328e-07  0.01095728148869489  1.032850386154551  0.1032088675578881  
5.695226779712831e-05  0.02478394615841804  4.826406063715469e-07  0.01112491503554478  1.03325842180337  0.1038304022009971  
5.909395895340977e-05  0.02509747636522178  5.066358749868904e-07  0.01126934156803085  1.033670871750465  0.1044657220420439  
6.131618844795769e-05  0.02541677121315922  5.318739401147926e-07  0.0114445319642951  1.034091053708168  0.105140418675378  
6.362198492657482e-05  0.02573799690357625  5.58429896635396e-07  0.01155601807067828  1.034515307094069  0.1058176828105735  
6.601449092734883e-05  0.02606485509726512  5.862946777113765e-07  0.01173705003245328  1.034946157815431  0.1065024366621924  
6.84969671635744e-05  0.02639386544093773  6.15648220310762e-07  0.0118998007125128  1.035381828642879  0.1071825506731382  
7.107279696773412e-05  0.02672928860803652  6.465447498397957e-07  0.01208944577690829  1.035826225515322  0.1078488392169093  
7.374549090259546e-05  0.02706665846246179  6.790574289008842e-07  0.01219494369041696  1.036274779807776  0.1085109040250385  
7.651869154570818e-05  0.02740995475221513  7.131476155812059e-07  0.0123901704672316  1.03672986863437  0.1091601102216258  
7.939617845382276e-05  0.02775521488436643  7.4898488532649e-07  0.0124428320561773  1.037188727931372  0.1097812128971549  
8.238187331399601e-05  0.02810658481389053  7.864315695661866e-07  0.01264090496405184  1.037652757265793  0.1103148814591904  
8.547984528840405e-05  0.02845990955814098  8.258126762364673e-07  0.01271614524083314  1.038120814692564  0.1108369252752948  
8.869431656014705e-05  0.02881945092893743  8.670139569087358e-07  0.01291839741600516  1.038594755486595  0.1113220005218639  
9.20296680876041e-05  0.02918098859799317  9.102840758272171e-07  0.0129182996151118  1.039072191019377  0.1117686547768247  
9.549044557518078e-05  0.02954901730155076  9.5534261555054e-07  0.01312092576051167  1.039553605821335  0.1120903818166512  
9.908136566858666e-05  0.02991903215421905  1.002620717873097e-06  0.01307520025951237  1.040038197459497  0.1124447172824959  
0.0001028073223830865  0.03029565172532249  1.051713279290852e-06  0.01327614462793326  1.040525596975447  0.112907488449987  
0.0001066733937734857  0.03067428190298822  1.103107863980673e-06  0.01310807471803989  1.041015265956829  0.1134262304807676  
0.0001106848488549412  0.03105975187021481  1.156079225733051e-06  0.01330169026009377  1.041504534852646  0.1141353772051446  
0.0001148471547840289  0.0314472058707677  1.212078695890282e-06  0.01373425314609462  1.042001047610858  0.1149310165044838  
0.0001191659843098559  0.03184156643166927  1.271863041071548e-06  0.01395086353774042  1.042514604114675  0.1160277425752244  
0.0001236472235053715  0.03223792048843117  1.335101030956759e-06  0.01439669613143931  1.043035583332019  0.1171999042317439  
0.0001282969797894147  0.03264137775198932  1.402603047719262e-06  0.01463759247437481  1.043573849038698  0.1186408572995081  
0.0001331215902504308  0.03304685152559794  1.474149255536397e-06  0.01519772198745883  1.044120556795819  0.119900866052667  
0.0001381276302832009  0.03345968228937002  1.55091177826273e-06  0.01546983772522504  1.044687789041675  0.1205007216155481  
0.0001433219225503574  0.03387453457509598  1.632106964611838e-06  0.0158513431374707  1.045262233927499  0.1210139112634078  
0.0001487115462808954  0.03429694089452975  1.718332392198338e-06  0.01614505723607373  1.04585174235529  0.1212032472710434  
0.0001543038469183565  0.03472191904192079  1.807412987688984e-06  0.0146903182086011  1.046435256225571  0.1208425404290464  
0.0001601064461318318  0.03515674385015738  1.893287090242432e-06  0.01490790015574951  1.046981921011878  0.1183759052431134  
0.0001661272522034293  0.03559374745827281  1.983069109768517e-06  0.01460489100394564  1.047530796217378  0.1157594634810337  
0.000172374470806362  0.03603930100955793  2.074953413292853e-06  0.01481093788792459  1.048076776185472  0.1125551578564003  
0.0001788566161883462  0.03648483979083493  2.16559591922975e-06  0.01038627642437417  1.048592839849101  0.1085505857227569  
0.0001855825227755519  0.03693031914504782  2.235688094387783e-06  0.01045622888610747  1.048977186818528  0.1013261446562281  
0.0001925613572129199  0.03737661145622018  2.307223749541963e-06  0.009303347929117703  1.049358370324853  0.09415456966097148  
0.0001998026308572551  0.03782625878383586  2.374796703705886e-06  0.009359963551526403  1.049711971667179  0.0872011692399159  
0.0002073162127401231  0.03826997847119213  2.436360617542436e-06  0.003255493642866697  1.050021884341653  0.08238062532374603  
0.0002151123430182167  0.03868859630246238  2.462111108729053e-06  0.003349008462876052  1.050134295206502  0.08659211687156657  
0.0002232016469295235  0.03910924438730971  2.494778951214724e-06  0.006828809413811063  1.050286486963851  0.09157295935550938  
0.0002315951492743155  0.0395387182391732  2.552293036261744e-06  0.006875431749523322  1.050559212598658  0.09989826688113697  
0.000240304289440697  0.03997093055677803  2.6274726153106e-06  0.01627980099840057  1.05090487027723  0.1096995779384955  
0.0002493409369951881  0.04041536867720874  2.776206218114917e-06  0.01663767371827118  1.051549546047243  0.1260904650036214  
0.0002587174078595924  0.04086306103193826  2.945538812975857e-06  0.02386691432167373  1.052248219987204  0.1420288237895897  
0.0002684464810961965  0.0413256808327736  3.182535630551165e-06  0.0248529760489079  1.053181063021265  0.1558913973436259  
0.0002785414163241769  0.04179215016573527  3.45669272793266e-06  0.03608840870647485  1.054202127732266  0.1695339191990306  
0.0002890159717909511  0.04227677129366875  3.847899865923024e-06  0.03861955427792128  1.055590567905249  0.1821388257843876  
0.0002998844231231031  0.04277489322637561  4.282256447329071e-06  0.04133241040310876  1.057054582723856  0.1942064117296174  
0.0003111615827824363  0.04333848854445314  4.764515309482993e-06  0.04420859900373308  1.058650517962989  0.2036682121732304  
0.0003228628202536733  0.0439128997491597  5.299814606974868e-06  0.04735337979431288  1.06032796606993  0.2128078675771437  
0.0003350040829913136  0.04454128566598503  5.894544446448809e-06  0.05062907994090244  1.062136726276187  0.2203399168388823  
0.0003476019181541981  0.04519133705608745  6.557422195641536e-06  0.05566704529426696  1.064056083920725  0.2281183159621608  
0.0003606734951574031  0.04595270526593423  7.310993785713085e-06  0.05965064792711869  1.0662230990816  0.2371624563309743  
0.0003742366290721985  0.04672488716532192  8.150660307598043e-06  0.06479494378634504  1.068504316741216  0.2462011491613038  
0.0003883098049059609  0.04755430712268204  9.095383952783414e-06  0.06948601849654126  1.070977315859188  0.2552110075663079  
0.0004029122027951352  0.04841534015614728  1.014800495492228e-05  0.07518710905132246  1.073601981028581  0.2644464278819113  
0.0004180637241455762  0.0494488631121513  1.132842450735159e-05  0.08065422689456798  1.076546226152927  0.2749125780498677  
0.0004337850187558993  0.05049355263954568  1.264351812152463e-05  0.08709808219604767  1.079640520780092  0.2853049149191984  
0.0004500975129608051  0.05160108924100073  1.411574976595775e-05  0.09343557704234584  1.082962626151308  0.2952818198996149  
0.0004670234388327331  0.05274765305871577  1.575918098986166e-05  0.1021925032030374  1.086491529017596  0.3055913506392676  
0.0004845858644816491  0.0541209417463385  1.762017673892495e-05  0.1097741550649628  1.090482251537686  0.3178332388263168  
0.0005028087254942475  0.05551245061386435  1.969618126722937e-05  0.1186980461385087  1.094684764594431  0.3300054520834337  
0.0005217168575554344  0.05701329616728117  2.202337670692114e-05  0.1275033957377241  1.099226570260271  0.3417595560809984  
0.0005413360302965375  0.05856197743642553  2.46199985715481e-05  0.1381071293814883  1.104042043779066  0.3537045102931208  
0.0005616929824163804  0.06040740212245237  2.75354434125484e-05  0.1483757587269607  1.109429633616412  0.366833382084797  
0.0005828154581230839  0.06228268304025172  3.078713294765563e-05  0.16015624341258  1.115107522393009  0.3799474684736164  
0.0006047322449462643  0.06434958074388927  3.442665984138159e-05  0.1720238052396  1.121278345712327  0.3929666623992993  
0.0006274732129711574  0.06646321952822801  3.848408886633914e-05  0.1853691803171955  1.12779506297715  0.4060839042413005  
0.0006510693555481455  0.06888748824477642  4.301844043109147e-05  0.1990260603445643  1.134961002632308  0.4198527488520579  
0.000675552831533164  0.07136005946854881  4.806882289922859e-05  0.2135704143716776  1.142514853964986  0.4336183218795703  
0.0007009570091165618  0.07416533668051184  5.369103798733392e-05  0.2291230834629049  1.150762099804405  0.4473613603555855  
0.0007273165113001454  0.07702534330396645  5.994800223289222e-05  0.2456340889100827  1.159448884226652  0.4610882465875264  
0.0007546672630843887  0.08027644736785568  6.690689803122486e-05  0.2633086118646966  1.168933927696035  0.4746997085687296  
0.0007830465404301183  0.08359005094915795  7.463282621220972e-05  0.2784046871156104  1.178900894377717  0.4882732932188452  
0.0008124930210614048  0.08736749652902466  8.311537161620942e-05  0.2978089797033772  1.189664217192091  0.5015657701471913  
0.0008430468371788967  0.09120086325269877  9.252364901194929e-05  0.3170529750850326  1.200949983860947  0.5147594624898796  
0.0008747496301554416  0.09546573584798737  0.0001029177217440151  0.3387525205652422  1.21311965440492  0.5271909005967939  
0.0009076446072885356  0.09981055575110456  0.0001144000496801203  0.3512854591453736  1.225851132383708  0.5395323611118185  
0.0009417766006869519  0.104797553512385  0.0001267764054154457  0.3739972971975373  1.239411649172621  0.5511510753729483  
0.0009771921283717997  0.1098464569316113  0.0001404418093413216  0.3969140071976662  1.253566207903537  0.5626425338057193  
0.001013939457675292  0.1154136656492575  0.0001554900934392976  0.4221815674177425  1.268766109192383  0.5730685424511537  
0.001052068671023623  0.1210694914431134  0.0001720058173433392  0.4262113004882271  1.284562447825879  0.5833526415370913  
0.001091631734193615  0.1274997496388213  0.0001893561174913629  0.4509448909829058  1.300961285759553  0.5923965805352986  
0.001132682567136154  0.1339995362815609  0.0002083927342774376  0.4749749934568689  1.31798112152334  0.601322277050345  
0.001175277117462945  0.1411345011750272  0.0002292000304631495  0.5020803155046357  1.336152362969121  0.6091677674508844  
0.001219473436696738  0.1483537185758039  0.0002518982321886801  0.5020792628395602  1.35491683394059  0.6168710587679621  
0.001265331759388943  0.1563788606779158  0.0002755169230977858  0.5280330241274998  1.374121694565875  0.6232141323594576  
0.001312914585212465  0.1644809566716731  0.0003012546907056953  0.5476060144546443  1.393935861125297  0.629458451081902  
0.001362286764141647  0.1733551905501051  0.0003289676467992631  0.5750444759738079  1.414837127729859  0.6347118858599645  
0.001413515584835396  0.1823089847032675  0.0003590257152569154  0.5737039246433764  1.436303860393813  0.6398554354936883  
0.001466670866343969  0.1921017718433704  0.0003902169659998866  0.5999053562716736  1.458158032286176  0.6438402049977259  
0.001521825053264387  0.2019714868755946  0.0004239878142347986  0.6122660035785871  1.480576319491094  0.6477547280048458  
0.001579053314474176  0.2126956190804686  0.0004597895975862016  0.6389389010341743  1.503876159580022  0.6508890422784395  
0.001638433645577985  0.2234945915936634  0.0004984354482922052  0.6416898203454909  1.527709199025247  0.6539600744235348  
0.001700046975206718  0.2351711009628069  0.0005387743207743752  0.6677332569188326  1.552088414796951  0.6562890946591959  
0.001763977275314045  0.246917699235685  0.0005822144768383525  0.6714909278334513  1.57697550949557  0.6585613068369657  
0.001830311675620613  0.2595341593335938  0.0006276062003162528  0.6970771849640004  1.602429967012604  0.6601284835771549  
0.001899140582361935  0.2722245895504276  0.0006764005295317326  0.7037790794834318  1.628385968973167  0.6616501022452695  
0.0019705578015018  0.2858895200455868  0.0007275724982444992  0.7292540467848596  1.65511111694064  0.6625715278278357  
0.002044660666579118  0.2996100771419494  0.0007824342344535904  0.7245126199873121  1.68228200272981  0.6634679249760976  
0.002121550171362452  0.3141110648467516  0.0008390771023486516  0.7488294525865393  1.709612954773681  0.6640131779632956  
0.002201331107493032  0.3286849543673948  0.0008997535771956196  0.7603052291821408  1.737416550506195  0.6645336236440983  
0.002284112207303826  0.3443520282165956  0.000963716940899941  0.7850383082195331  1.766273918839262  0.6646820764153623  
0.00237000629200933  0.3600618746191383  0.001032070220485237  0.7762712813074504  1.795533385376281  0.6648187956541164  
0.002459130425468047  0.3764600742935589  0.001102299035163958  0.7996849585289627  1.82470756200221  0.664766683157038  
0.002551606073727186  0.3929314230000246  0.001177329830185386  0.8162578679282346  1.854338786114518  0.6646957550063007  
0.002647559270567069  0.410672145439833  0.001256819490812453  0.8405619958891936  1.88538087237355  0.6642983140383394  
0.002747120789270815  0.4284376005876253  0.001341547437889303  0.8246323540187113  1.91678432459367  0.6638976362429102  
0.002850426320853438  0.446668368927791  0.001427905831570378  0.8472465031406908  1.947613024512803  0.6634360618192952  
0.002957616658993256  0.4649624076110516  0.001519932663129457  0.862491016824617  1.978866959273547  0.6629633358030228  
0.003068837891917645  0.4845551722614833  0.001617164386922519  0.8859226980764174  2.011518291161189  0.6622617053387779  
0.003184241601504656  0.504176558233699  0.001720649461121746  0.8800804579580642  2.044540536993566  0.6615654545366657  
0.003303985069871862  0.524443748697707  0.001827394324840794  0.9027876618326116  2.077531697400715  0.6609905891127545  
0.003428231493733974  0.5447578409517204  0.001940951164970746  0.9123474510779856  2.110924731524414  0.66040836477505  
0.00355715020682139  0.5662457330360665  0.002060064013228425  0.9355033342364837  2.145378997995733  0.65964197066981  
0.003690916910662775  0.5877604448808254  0.002186680304153556  0.9334174116253788  2.180209518398684  0.6588739659149366  
0.003829713914046277  0.6100278468004112  0.002317822138560604  0.9562514476198029  2.215248547505889  0.6580607586685281  
0.003973730381485604  0.6323270887800407  0.002457155043646131  0.9617475632050316  2.25067680246331  0.6572475393724777  
0.004123162591029748  0.6556422103856232  0.002602597470996647  0.9848300154447666  2.286856093791239  0.6564339356240866  
0.004278214201767613  0.6789828018521237  0.002757058702248659  0.9880124443856709  2.323424284260727  0.6556212699675966  
0.004439096531392166  0.703263649291399  0.002917882217520538  1.011234076742825  2.360578081830996  0.6548432353016742  
0.004606028844202398  0.7275643577444034  0.003088612777160862  1.014486168349791  2.398123071472064  0.6540662311614954  
0.004779238649935595  0.7527335336398405  0.003266361324943964  1.037899979135896  2.436181581371875  0.6533342890745113  
0.004958962013837212  0.7779248211106412  0.003455014519045418  1.04567130958628  2.474646132829654  0.6526011114832572  
0.005145443878390925  0.8042995345833335  0.003652246296445161  1.069600013773485  2.514101523053818  0.6518018088939096  
0.00533893839714735  0.8306831802708611  0.003861529931567927  1.069473461621103  2.553959915142195  0.6510047193607145  
0.005539709281106401  0.8576814075741345  0.00407866116111448  1.093482931778179  2.593940469944982  0.6503598992982603  
0.005748030158125351  0.8846941331587554  0.004309009364002287  1.103678049008405  2.634343881935929  0.6497138407579621  
0.00596418494584246  0.9130986575245249  0.004550251626670327  1.128429083558523  2.676027987850245  0.6489488914393079  
0.006188468238624383  0.9415063716065918  0.004806173687604195  1.129354597317258  2.718140185060977  0.6481857171491154  
0.006421185709064759  0.970417724700391  0.005071904590718262  1.154350329602571  2.760288135013906  0.6477028102860559  
0.00666265452458115  0.9993326131070223  0.005353757654555398  1.166129485128681  2.802879853145251  0.647219567059686  
0.006913203779678127  1.029796301713839  0.005649178117471394  1.192038113533649  2.846954062067667  0.6465889650032779  
0.007173174944465613  1.060259990320656  0.005962558013986213  1.218828809261594  2.89148996312183  0.6459583629468697  
0.007442922330043758  1.09119662538357  0.006288070285956942  1.219824232951375  2.936035521602439  0.6455293180286745  
0.007722813571388642  1.122134084166452  0.006633296249982751  1.247020686848581  2.981056313567105  0.6451006241579117  
0.008013230128396887  1.154532006173259  0.006994690700189351  1.257921202018854  3.027424783257236  0.6445879971939481  
0.008314567805772064  1.186938381372602  0.007377999070036833  1.286112742339646  3.074296478917365  0.6440748844234369  
0.00862723729246145  1.220073877035351  0.007777434285696422  1.291245222940138  3.121571543326785  0.6437581631504139  
0.008951664721378302  1.253216567066383  0.008201044073452016  1.320175540800828  3.169363935037655  0.6434433797091093  
0.009288292250172499  1.287654162173656  0.008644045782435248  1.330211183278932  3.218293029859448  0.6431073021978011  
0.009637578663841089  1.322109859504605  0.009113908387584961  1.360195810465613  3.267773568769996  0.6427709270044271  
0.01  1.357557868944975  0.009604557037586425  1.368378884377954  3.318013572703618  0.6425166173972054  
