# PlotEOS table
# Tabulated(filename=/Users/mbdeaton/EsOS/HShen_Tabulated.dat;)
# slice Temp = 0.01, Ye = 0.2, global minimum enthalpy = 0.9978583998657838
# WARNING: You are taking a constant-ye slice through a composition-dependent EOS. That's a strange thing to do.
# Units are geometric, with Msun=1.
# Conversion to cgs: rhoscale=6.177e17, Energypermassscale=8.989e20, Pscale=5.552e38
# [1] rho
# [2] eps, specific energy (E/rho)
# [3] P
# [4] dP/drho
# [5] h, specific enthalpy (1+eps+P/rho)
# [6] cs, adiabatic relativistic sound speed (nonrelcs/sqrt(h))
1e-10  0.001854421299536022  4.786286041206421e-15  6.672660986963262e-05  1.001902284159948  0.01020727016132208  
1.03760501976691e-10  0.00185442129953587  5.083501785949467e-15  6.832035505736228e-05  1.001903413947886  0.01020727016132208  
1.076624177045493e-10  0.001854421299535865  5.399173844870734e-15  6.995216114201103e-05  1.001904570404117  0.01020727016132208  
1.117110650504822e-10  0.001854421299535922  5.734448306422963e-15  7.162293694976442e-05  1.001905754158137  0.01020727016132208  
1.159119618598886e-10  0.001854421299535881  6.090542428130449e-15  7.333361300510612e-05  1.001906965854303  0.01020727016132208  
1.20270833476851e-10  0.00185442129953604  6.468749056000446e-15  7.508514204879841e-05  1.001908206152181  0.01020727016132208  
1.247936205471311e-10  0.001854421299535849  6.870441318369007e-15  7.687849956822964e-05  1.001909475726904  0.01020727016132208  
1.294864871145902e-10  0.001854421299535889  7.297077611221605e-15  7.871468434041729e-05  1.001910775269543  0.01020727016132208  
1.343558290220826e-10  0.001854421299535848  7.750206893089729e-15  8.059471898797516e-05  1.001912105487483  0.01020727016132208  
1.394082826282576e-10  0.001854421299536049  8.231474308745846e-15  8.251965054834752e-05  1.001913467104804  0.01020727016132208  
1.446507338521647e-10  0.001854421299535881  8.742627162115799e-15  8.449055105663355e-05  1.001914860862677  0.01020727016132208  
1.500903275579733e-10  0.001854421299536036  9.285521260092458e-15  8.650851814231961e-05  1.001916287519773  0.01020727016132208  
1.557344772926135e-10  0.001854421299535874  9.862127650284396e-15  8.857467564025817e-05  1.001917747852665  0.01020727016132208  
1.615908753895916e-10  0.001854421299535926  1.047453977716001e-14  9.06901742162263e-05  1.001919242656261  0.01020727016132208  
1.676675034527701e-10  0.001856866145429052  1.103423831665573e-14  9.212274061452355e-05  1.001922676383486  0.01031163046604082  
1.739726432343799e-10  0.001859428649613383  1.16195829171217e-14  9.35447761823132e-05  1.001926218362646  0.01042101311394168  
1.80514887922111e-10  0.001861977234600589  1.223550824882136e-14  9.485652732124331e-05  1.001929758393206  0.01050679970639669  
1.873031538506435e-10  0.001864525088056404  1.28844028221803e-14  9.631989793493825e-05  1.001933314121008  0.01059134619410797  
1.943466926536022e-10  0.00186706355169533  1.356723650765219e-14  9.767598812442452e-05  1.00193687300573  0.01065925770546432  
2.016551038724744e-10  0.00186960147989135  1.428661530545286e-14  9.91823021839213e-05  1.001940448262497  0.01072622062770036  
2.092383480396979e-10  0.001872498639337882  1.505704672064282e-14  0.0001025111938578969  1.001944459858979  0.01077084337103769  
2.171067602537263e-10  0.001875417902300943  1.587024368467719e-14  0.0001041825927193978  1.001948516702477  0.01081409152208662  
2.252710642645983e-10  0.001878471372754951  1.673239052783413e-14  0.0001065020798561181  1.001952748069509  0.01084916029913486  
2.337423870891813e-10  0.001881533710956873  1.76421304732892e-14  0.0001082734133733585  1.001957010524097  0.01088368862478194  
2.425322741760356e-10  0.001884590674785141  1.854838873819671e-14  0.0001033936730978956  1.001961068697354  0.01090472309471807  
2.516527051405389e-10  0.001887647258866315  1.949791485006994e-14  0.0001048209765186323  1.001965126715482  0.01092480410424683  
2.611161100917462e-10  0.001890701148011751  2.048596936098758e-14  0.0001050134584837614  1.001969156549916  0.01094785932356948  
2.709353865732049e-10  0.001893754834276367  2.152403201753825e-14  0.0001064152893683175  1.001973198248036  0.01097113844852149  
2.811239171408467e-10  0.001896672132325253  2.255947159601473e-14  0.0001017551678766154  1.001976919561379  0.0111259298831698  
2.916955876018793e-10  0.001899578526677242  2.364110803735448e-14  0.0001028700028534472  1.001980625717798  0.01129123520553098  
3.026648059395695e-10  0.001902257831406477  2.477758394034252e-14  0.0001041880752752202  1.001984122598813  0.0114591336689655  
3.140465219496749e-10  0.001904917912929332  2.597004064599757e-14  0.0001053467135552727  1.001987612796747  0.01162725164258869  
3.25856247615323e-10  0.001906591309445228  2.723743670962746e-14  0.0001080619967089959  1.001990178587298  0.01182009387320653  
3.381100782480682e-10  0.0019081765005217  2.856945663298383e-14  0.0001093380774422987  1.001992674001398  0.01201514634714173  
3.508247144239796e-10  0.001909675532981526  2.997932052110842e-14  0.0001116380759952657  1.001995129377276  0.01214873836182348  
3.640174847446137e-10  0.00191116645077415  3.146120928933817e-14  0.0001130086943607909  1.001997594192868  0.01227654185320117  
3.777063694539372e-10  0.001912490233556235  3.304447004274685e-14  0.0001165983929856825  1.001999977426559  0.0122952431578909  
3.919100249433402e-10  0.001913797467919471  3.471154584737295e-14  0.0001181352361139106  1.002002367659132  0.01230314200596257  
4.066478091781862e-10  0.001915860048048824  3.649662762868424e-14  0.0001221895320641996  1.002005610015477  0.01231090756824173  
4.219398080805024e-10  0.001918001096897459  3.837843151056914e-14  0.0001239207374423798  1.002008958221055  0.01231865928419262  
4.378068629038175e-10  0.001920917099984906  4.039581055822458e-14  0.0001283397033950798  1.002013185664005  0.01232640787155118  
4.542705986374043e-10  0.001923917418182218  4.252485893760156e-14  0.0001302887919198587  1.002017528713003  0.01233415611851853  
4.713534534786916e-10  0.001927185768104124  4.480092718568336e-14  0.0001345038399997026  1.002022233182852  0.01239872933886941  
4.890787094139589e-10  0.001930484609234482  4.720420723098257e-14  0.0001366594015848974  1.002027001195057  0.01246976695114882  
5.074705239490477e-10  0.001933932444327277  4.975709320773306e-14  0.0001400540961706297  1.002031981672528  0.01257050676876378  
5.265539630332755e-10  0.001937397974516963  5.245191224827986e-14  0.000142363521946531  1.00203701152969  0.01267477413472862  
5.463550352214887e-10  0.001940909023832833  5.532196188136547e-14  0.0001463315969928134  1.002042165456583  0.01269911967545999  
5.669007271207434e-10  0.00194442570901645  5.835419110435856e-14  0.0001488300566217999  1.002047361176044  0.01271356984113057  
5.882190401699968e-10  0.001947957405094028  6.155993947051288e-14  0.0001516866886386144  1.002052612193985  0.01270811139832695  
6.103390288028621e-10  0.001951491036200236  6.494423275393995e-14  0.0001542994415395996  1.002057897852231  0.0127000865709473  
6.332908400455127e-10  0.001956984747119846  6.849984993593666e-14  0.0001561256312403896  1.002065149662202  0.01262625483910098  
6.571057546036271e-10  0.001962741206354638  7.224970744418287e-14  0.0001587829108032848  1.002072692621234  0.01254360170460921  
6.818162294944493e-10  0.00196871287397764  7.619423633857411e-14  0.0001608927259069  1.002080464740599  0.01247314029497865  
7.074559422819879e-10  0.001974714506865809  8.035443858216365e-14  0.00016361125541443  1.002088296758112  0.01240437644125095  
7.340598369757197e-10  0.00198160870522504  8.465984430049662e-14  0.0001626643014844155  1.00209693969057  0.01248088322343011  
7.616641716552892e-10  0.001988631856653541  8.918586697705998e-14  0.0001652485834050235  1.002105725282203  0.01257837792744405  
7.903065678861364e-10  0.001995244006543674  9.38883896132174e-14  0.0001650669455726127  1.002114043967759  0.01269871365615249  
8.200260619934131e-10  0.002001794605150288  9.883142830576462e-14  0.0001675710826147505  1.00212231690668  0.01282247003965366  
8.508631582640564e-10  0.002007110984224428  1.038285918091274e-13  0.0001620856325386354  1.002129138352316  0.01301247348849494  
8.82859884149515e-10  0.002012235944609112  1.090488503808418e-13  0.0001642065889057041  1.002135753676402  0.01321275138697969  
9.160598475443691e-10  0.00201726820933633  1.145353806887624e-13  0.0001663254512442728  1.002142298665584  0.01338173751596214  
9.505082962189511e-10  0.002022285598610457  1.203028651938996e-13  0.0001685142811663008  1.002148852474115  0.01354570205857056  
9.862521794868765e-10  0.002027163773030043  1.263686425423774e-13  0.000170823178581869  1.002155293925917  0.01366939792873699  
1.023340212191642e-09  0.002032018850306341  1.327463041917536e-13  0.0001730892362661878  1.002161737493833  0.01378641282159021  
1.061822941099382e-09  0.002037013074884155  1.395012574902693e-13  0.0001769332594496118  1.002168392094955  0.01389457647953271  
1.101752813788387e-09  0.002042031148606609  1.466148532204041e-13  0.0001793629572416482  1.002175105329481  0.01400122308050512  
1.143184250129148e-09  0.002047160570009478  1.541382936992175e-13  0.0001830185196200526  1.002181992985416  0.0141009361209935  
1.186173716452479e-09  0.002052309692347335  1.620618199247247e-13  0.0001855992280755385  1.002188935397062  0.01419942239480358  
1.230779802506663e-09  0.002057489810757708  1.703361585287647e-13  0.0001865105235849323  1.002195886750797  0.01429427692654054  
1.277063301308645e-09  0.002062675586604047  1.790281762162055e-13  0.000189079784345096  1.00220286298063  0.01438846858890663  
1.325087291997951e-09  0.002067879496476878  1.881353899500328e-13  0.0001907801502628526  1.0022098591163  0.01448061233433981  
1.37491722580642e-09  0.002073086818516155  1.977070440492995e-13  0.0001933838947024001  1.002216882416054  0.01457237073607662  
1.426621015260735e-09  0.00207837215249804  2.077313514311039e-13  0.0001950164631673396  1.002223982899297  0.01466755939973197  
1.48026912673951e-09  0.002083672609916386  2.182644990224939e-13  0.0001976500295376084  1.002231121810254  0.01476341305577401  
1.535934676510895e-09  0.002088995683656462  2.293206609086278e-13  0.0001998675733860332  1.002238299338568  0.014858910521169  
1.593693530381776e-09  0.00209432327189089  2.409429081725011e-13  0.0002025636561793815  1.002245508492625  0.01495433688656055  
1.653624407094179e-09  0.002099787536563285  2.531739885336754e-13  0.0002054863911790138  1.002252890011011  0.01504838407499437  
1.715808985610007e-09  0.00210527987725338  2.660393484951249e-13  0.0002082839225092217  1.002260331722025  0.01514214795346693  
1.780332016430112e-09  0.00211082678634399  2.795577278158333e-13  0.0002108830808142432  1.002267852400238  0.01523402644557834  
1.847281437099636e-09  0.00211638522483467  2.937729055314412e-13  0.0002137614615963196  1.002275415083324  0.01532550658673238  
1.916748492056813e-09  0.002122170612873251  3.08740945836806e-13  0.0002169861784866596  1.002283245968934  0.01541161215617047  
1.988827856988812e-09  0.002128005295412667  3.244894180808374e-13  0.000219979670042735  1.002291161406154  0.01549655034355284  
2.063617767863857e-09  0.002133975393695871  3.410534161610059e-13  0.0002229824885114589  1.002299245058201  0.01557925920318229  
2.141220154815732e-09  0.002139975714612528  3.584778239338797e-13  0.0002260760298763747  1.002307393260691  0.0156614705124261  
2.221740781062882e-09  0.002146248587338394  3.768322610963246e-13  0.000229589199218738  1.002315859850861  0.01573992658974724  
2.305289387051711e-09  0.002152583935060513  3.961491268434489e-13  0.0002328103319513757  1.002324427491478  0.01581752188356949  
2.391979840020237e-09  0.002159078057972314  4.163952007838761e-13  0.0002349406819007496  1.002333157786328  0.01589582331624994  
2.481930289186258e-09  0.002165609543987176  4.376755931061361e-13  0.000238206544059021  1.002341954381315  0.01597429091808399  
2.575263326771199e-09  0.002172315928812936  4.599704181553013e-13  0.0002402635497948196  1.002350926952149  0.01605358122663123  
2.672106155079438e-09  0.002179064548191189  4.833988052788364e-13  0.0002435689220794012  1.002359970087576  0.01613307020233792  
2.772590759860481e-09  0.002185982646034711  5.079624081522908e-13  0.0002459080765986784  1.002369191223192  0.01622849768513088  
2.876854090190597e-09  0.002192942723828614  5.337773628918941e-13  0.0002492683006298115  1.002378484759037  0.01632787314880591  
2.98503824511873e-09  0.002200010370673374  5.60859958586489e-13  0.0002518617032368704  1.002387900746786  0.01643597157008406  
3.097290667331413e-09  0.002207105338370571  5.893251116698365e-13  0.0002552901121244981  1.002397376505971  0.01654628548580327  
3.213764344100276e-09  0.00221420809535803  6.191988064317153e-13  0.0002580644571538191  1.002406878976024  0.01666149311855482  
3.334618015786369e-09  0.002221312880142159  6.505993733680379e-13  0.0002615698893302431  1.002416417497909  0.01677797473975925  
3.460016392185109e-09  0.002228431366547761  6.835677286546287e-13  0.00026455506532127  1.00242599335793  0.01689487476972808  
3.590130377007076e-09  0.002235553507766796  7.182245601454537e-13  0.0002681478837120905  1.002435608793989  0.01701188640737385  
3.72513730080021e-09  0.002242873604270573  7.546279065647824e-13  0.0002713605430239159  1.002445450810325  0.01711663980410555  
3.865221162631269e-09  0.002250247786204889  7.929005479046568e-13  0.0002750518689804095  1.002455384960649  0.0172180439988055  
4.010572880855496e-09  0.002257678476502793  8.330968659775967e-13  0.0002782978928512428  1.002465403629673  0.01731718012787743  
4.161390553316715e-09  0.0022651249758237  8.753558314246061e-13  0.0002820875685606857  1.002475476736902  0.01741568173313775  
4.317879727332022e-09  0.00227287344170436  9.197836798166489e-13  0.0002857881386913588  1.002485890880332  0.01750747529280277  
4.480253679829499e-09  0.002280708383495601  9.665068817404217e-13  0.0002897000920238384  1.002496434311269  0.01759734783064132  
4.648733708020257e-09  0.002288653119284587  1.015565968750249e-12  0.0002930081254007808  1.002507113894312  0.01768658048689003  
4.823549431001457e-09  0.002296630030855283  1.067139999253082e-12  0.000297017413292422  1.002517865453964  0.01777562562204472  
5.004939102700954e-09  0.002304919558660027  1.121265465302942e-12  0.0003002094385417143  1.002528951348517  0.0178642021721944  
5.193149936590223e-09  0.002313302810629148  1.178155048100393e-12  0.0003043073802147319  1.002540169945699  0.01795263823783455  
5.388438442608224e-09  0.002321855506308951  1.237897275514405e-12  0.0003078367714553454  1.002551587605636  0.0180477550004357  
5.591070776755281e-09  0.002330460157927111  1.300702297267214e-12  0.0003120407568083329  1.002563099369485  0.01814492024204042  
5.801323103833378e-09  0.002339319640258049  1.366655852771184e-12  0.0003156512586235885  1.002574896219654  0.01825265065071596  
6.019481973827286e-09  0.002348259016917967  1.435989926816992e-12  0.0003199637237677216  1.002586816077652  0.0183636934424209  
6.245844712439618e-09  0.002357336797290567  1.508887352451753e-12  0.0003241810461935881  1.002598919388905  0.0184790688904375  
6.480719826311958e-09  0.002366458933980711  1.585554127315848e-12  0.00032863444121059  1.002611116035323  0.01859583288990563  
6.724427423484249e-09  0.002375702678728278  1.66615305087096e-12  0.0003329120811536307  1.002623478875264  0.01871594869065104  
6.977299649665552e-09  0.002384986253165852  1.750920149712959e-12  0.0003375070966603812  1.002635931495255  0.0188371622904109  
7.239681140910876e-09  0.002394457755336503  1.839825909347284e-12  0.0003408105791511378  1.002648588548328  0.01895181618752478  
7.511929493320954e-09  0.002403992145761924  1.93324990373043e-12  0.0003454885775626791  1.002661349447298  0.01906427494162792  
7.794415750404951e-09  0.002413624698361586  2.031304817706247e-12  0.0003492084045834644  1.002674234971505  0.01917340302961254  
8.087524908770441e-09  0.002423290806017419  2.134364274154858e-12  0.0003539914663320356  1.002687199022466  0.01928139258648831  
8.391656442830161e-09  0.002433205795052595  2.242203669963074e-12  0.0003563198141224044  1.002700400202407  0.01939956851980128  
8.707224849239903e-09  0.00244320766932918  2.355407899545567e-12  0.000361126781499007  1.002713719564948  0.01952130054787937  
9.034660211810535e-09  0.00245327840848771  2.474186873892435e-12  0.0003648809466222622  1.002727133408663  0.01964390186901883  
9.374408787662981e-09  0.002463373694697658  2.598991702182948e-12  0.0003697922844360729  1.002740616959959  0.01976681305174968  
9.726933615426179e-09  0.002473600139556762  2.73002806018129e-12  0.0003739707458186961  1.002754267014455  0.01990647033452821  
1.00927151463057e-08  0.002483874310723115  2.867744006139931e-12  0.0003790083868463579  1.002768014303239  0.02005222122633037  
1.047225189888435e-08  0.002494193843592863  3.012357225769097e-12  0.0003833624255243272  1.002781845177313  0.0201935608226531  
1.086606113854596e-08  0.002504530223527163  3.164350494591041e-12  0.0003885338484678827  1.002795744349257  0.02033326209028372  
1.127467958244947e-08  0.002514984483568285  3.324085753968071e-12  0.0003934345565359471  1.002809811997704  0.02045546195394571  
1.169866413101306e-08  0.002525483418865569  3.492030283998044e-12  0.0003987681225059555  1.002823981627284  0.02057102897919875  
1.213859262690629e-08  0.002536193617243036  3.668533056677265e-12  0.0004037973388461459  1.002838414242766  0.02068306490028295  
1.259506464258356e-08  0.002546985504388727  3.85411460713242e-12  0.000409297300496503  1.002852987475518  0.02079373545478265  
1.306870229743348e-08  0.002558224737149057  4.049396285038649e-12  0.0004151730652382493  1.00286807924243  0.02089767954380422  
1.356015110565632e-08  0.00256964041822279  4.254840567958161e-12  0.0004208844971214475  1.002883415724619  0.02099897048624183  
1.407008085602686e-08  0.002581302810923891  4.470603337175306e-12  0.0004257325644403206  1.00289904109423  0.02110403050652492  
1.459918652473977e-08  0.002593064452501728  4.697416252557578e-12  0.0004315930200136607  1.002914823219307  0.02121060677776529  
1.514818922258347e-08  0.002605115690092841  4.935621991211936e-12  0.0004365603229397665  1.002930938263253  0.02132167721024638  
1.571783717773161e-08  0.002617285728348046  5.186025962595075e-12  0.0004425737246072979  1.002947230993969  0.0214345912777028  
1.630890675549334e-08  0.002629719233180824  5.448675850335483e-12  0.0004468521977195863  1.002963811268412  0.02155378798039637  
1.692220351641035e-08  0.002642262935901849  5.724612881325071e-12  0.000452976413433951  1.002980552974535  0.02167561246662705  
1.755856331414471e-08  0.002654992309754408  6.014151308166868e-12  0.0004576016638167396  1.00299751186563  0.0218009929413148  
1.821885343465165e-08  0.002667800851142061  6.318372098666815e-12  0.0004638543552792887  1.003014604897913  0.02192788963900638  
1.890397377819223e-08  0.002680874827868161  6.637783654917451e-12  0.0004690046468505174  1.003032006485836  0.02206303531853886  
1.961485808579429e-08  0.002694064163820551  6.973476877890501e-12  0.0004754131966483242  1.003049584292867  0.02220176603752367  
2.03524752118358e-08  0.002707368202711246  7.325967456968941e-12  0.0004807544565256082  1.003067322821534  0.02234216976014297  
2.111783044448242e-08  0.002720723045504637  7.696438539689435e-12  0.000487326798634779  1.003085175187495  0.02248331448482101  
2.191196687578152e-08  0.002734371981721568  8.085629914999318e-12  0.0004931321555423617  1.003103377190649  0.02262476711840771  
2.273596682327715e-08  0.002748153650360454  8.494764564947883e-12  0.0004998915813035955  1.003121780363971  0.02276635871972342  
2.359095330508639e-08  0.002762028865028238  8.924403482867344e-12  0.0005055392720838631  1.003140326569553  0.02290684330283425  
2.44780915704444e-08  0.002775947095550676  9.375972296809271e-12  0.000512473424856826  1.003158982360772  0.02304681883885312  
2.539859068780729e-08  0.002790232916948776  9.849829548082694e-12  0.0005177002518749076  1.003178042999372  0.023184940490157  
2.635370519267393e-08  0.002804690934615906  1.034768533179853e-11  0.0005247821184242746  1.00319733725346  0.02332219369762171  
2.734473679737586e-08  0.002819280228486503  1.087042182602863e-11  0.000530597811045815  1.003216812737451  0.02345832175822897  
2.837303616516211e-08  0.00283393216168796  1.141977994947336e-11  0.0005378580901189105  1.003236419223101  0.02359391294738363  
2.944000475100034e-08  0.002848924275508355  1.199644096058591e-11  0.0005435955380010348  1.003256412014116  0.023728333599021  
3.054709671159968e-08  0.002864081707617767  1.260237770899059e-11  0.0005510266339950773  1.003276637369715  0.02386218540208621  
3.169582088726115e-08  0.002879451320973306  1.323835808736103e-11  0.00055680456964412  1.003297120203393  0.0239967350293663  
3.28877428582551e-08  0.002894925941397538  1.390657005673075e-11  0.0005644057853655605  1.003317775576189  0.0241316300051474  
3.41244870785289e-08  0.002910724951072444  1.460767396314729e-11  0.0005700240527727391  1.003338795091131  0.02426837172598956  
3.540773908965269e-08  0.002926687427688439  1.534415286242803e-11  0.0005777834766940045  1.003360043333966  0.02440604406264515  
3.673924781802074e-08  0.002942915887859122  1.611745392949357e-11  0.0005841895326418824  1.003381614415639  0.02454572606272059  
3.812082795843888e-08  0.002959280813777338  1.693007416148314e-11  0.0005921488755821242  1.00340339693266  0.02468643914241163  
3.955436244734702e-08  0.002975896394238307  1.778332813971578e-11  0.0005987064451094688  1.003425488475602  0.02482882247874083  
4.104180502904709e-08  0.002992642894386192  1.867996073005277e-11  0.0006068708286447649  1.003447787611263  0.0249720782088965  
4.258518291843414e-08  0.003009720256586662  1.962025656837902e-11  0.0006124017986099153  1.003470449910043  0.02512483497764391  
4.418659956385942e-08  0.003026973530017513  2.060764041604995e-11  0.0006207100738239919  1.003493351133623  0.02528264321536238  
4.584823751389096e-08  0.003044422626061381  2.164368251856392e-11  0.000626914271054653  1.003516494916997  0.02544417382110376  
4.75723613918789e-08  0.003061977692603064  2.273190033492846e-11  0.0006354020568739499  1.003539816077536  0.02560771880703935  
4.936132098237917e-08  0.003079834567111208  2.387861734972948e-11  0.000646020781227279  1.00356358615387  0.02576583903971245  
5.121755443364241e-08  0.003097857663496342  2.508608053024533e-11  0.0006549334716277308  1.003587652242868  0.02592097156904538  
5.314359158053241e-08  0.003116001020032746  2.635509157967103e-11  0.0006630404409668476  1.003611923308983  0.02607400125420207  
5.514205739240302e-08  0.003134211779051026  2.768936585616319e-11  0.0006722295945618369  1.003636357820848  0.02622585235348333  
5.721567555063251e-08  0.003152889415509017  2.908128061580374e-11  0.0006725790603036078  1.003661164120578  0.02648352364864023  
5.936727216069126e-08  0.003171833318412465  3.053813904491528e-11  0.0006816042656397125  1.003686226820648  0.02680154561620487  
6.159977960380168e-08  0.003190907303796645  3.208086100074492e-11  0.0006984838674140415  1.003711702365193  0.02711807202138251  
6.391624053344005e-08  0.003210056773359914  3.371025037844557e-11  0.0007082779645351544  1.003737469682772  0.02743373058256309  
6.631981202212676e-08  0.003229578756659011  3.552077099695956e-11  0.0007826252005367553  1.003765176942388  0.0277515283940644  
6.88137698641567e-08  0.003249320661887961  3.749026305116357e-11  0.000796746704955469  1.003794128236377  0.02807058916049767  
7.140151304013404e-08  0.003269465623421881  3.955485476217417e-11  0.000801203798747002  1.003823443446552  0.0283271026466115  
7.408656834939568e-08  0.003289852658855663  4.172505890254777e-11  0.0008152629075650432  1.003853045958696  0.02854605050254953  
7.687259521663736e-08  0.003311135646496074  4.39758464275834e-11  0.0008058402617386036  1.003883197072335  0.02861826671893072  
7.976339067929281e-08  0.003332966017112489  4.632439968303957e-11  0.0008189707065444627  1.003913738716073  0.02860083708044108  
8.276289456246335e-08  0.003355122534555306  4.875247833099597e-11  0.0008058057248227572  1.003944184560343  0.0285873101973868  
8.587519484845179e-08  0.003377481733106583  5.127919052561539e-11  0.0008178524774605696  1.003974617968036  0.02857620864774236  
8.910453324821504e-08  0.003400237248587411  5.3871965193542e-11  0.0007952938821340051  1.004004830115299  0.02857012929608803  
9.24553109823358e-08  0.00342324326372485  5.655450579591371e-11  0.0008058187111299562  1.004034938851518  0.02856722432023083  
9.593209477938232e-08  0.003446573293133982  5.934960720375095e-11  0.0008044973427615198  1.004065235976777  0.02858972158131052  
9.953962309984243e-08  0.003470111610902584  6.22704241818545e-11  0.0008147607663271821  1.004095695898271  0.02862854833998229  
1.032828125941027e-07  0.00349391122020347  6.531862895029667e-11  0.000815754596298823  1.004126336183367  0.02868474318561932  
1.071667648032864e-07  0.003517881648318776  6.850673541384806e-11  0.0008258956799155512  1.00415713520365  0.0287522923831976  
1.111967731120698e-07  0.003541796118827191  7.179150082178533e-11  0.0008093718660424805  1.004187421875875  0.02890346604714172  
1.153783299629662e-07  0.003565673388444738  7.519507947010365e-11  0.0008185001825328444  1.004217399579093  0.02911023366511608  
1.197171343418966e-07  0.00358960078080528  7.873674794184557e-11  0.0008161714291222796  1.004247290662664  0.02934372837686246  
1.242190995452619e-07  0.003613562056672447  8.243119328746785e-11  0.0008250602652243773  1.004277157217072  0.02959529088821935  
1.288903612390892e-07  0.003638255997032669  8.65011340904675e-11  0.0009050107377710745  1.004309377819168  0.0299118091257696  
1.337372858212498e-07  0.003663453547706022  9.091930774667942e-11  0.0009180336686326976  1.004343288697555  0.03027297586736843  
1.387664790981307e-07  0.003688864864540878  9.558823570711909e-11  0.0009376088914879886  1.004377707273229  0.03063120955092281  
1.43984795287601e-07  0.003714425578452817  1.005173331564801e-10  0.000951502511508255  1.004412536326575  0.03098739337636613  
1.493993463605256e-07  0.003740564002922216  1.056933114045211e-10  0.000961062379481091  1.004448018981671  0.03122422082851315  
1.550175117335772e-07  0.003767112920569644  1.111326406050498e-10  0.0009752322386179429  1.004484016703647  0.03137623941496286  
1.608469483265355e-07  0.003793880255212509  1.168357249630448e-10  0.0009824636082676798  1.004520258505957  0.03152718345305147  
1.668956009978027e-07  0.003820805370768865  1.228217049256997e-10  0.0009967712545729842  1.004556724737076  0.03167735125474094  
1.731717133723353e-07  0.003848230528835036  1.290472757402093e-10  0.0009901254279251312  1.004593428882695  0.03182585272546253  
1.796838390767723e-07  0.003876022908586238  1.355397113024562e-10  0.001003786606726379  1.004630346235597  0.0319731304744931  
1.864408533970485e-07  0.003904135279055184  1.423605642340745e-10  0.001015383829480966  1.00466770485965  0.03213325147835446  
1.934519653744048e-07  0.003932486537411034  1.495289748964845e-10  0.001029445643139224  1.004705437975806  0.0323029605666027  
2.007267303562568e-07  0.003961319282903236  1.570635381610906e-10  0.001042145717475552  1.004743793734026  0.03249635958161126  
2.082750630190519e-07  0.003990517421055889  1.649849587348896e-10  0.001056664392977901  1.004782666785187  0.03270773649200928  
2.161072508808377e-07  0.004020128815953527  1.733191877130389e-10  0.001071488482191319  1.004822134241531  0.03292101257589677  
2.242339683219845e-07  0.004050058995578185  1.820883629936875e-10  0.001086577156571988  1.004862105289707  0.03313575367519916  
2.326662911331458e-07  0.004080404183411237  1.91315670622151e-10  0.001101936792271281  1.004902679166566  0.03335226003663683  
2.414157116103018e-07  0.004111074774360243  2.010257807988581e-10  0.001117618060246246  1.004943770291392  0.03357015051961122  
2.504941542174502e-07  0.004142240309862712  2.112295773492529e-10  0.001130570843150008  1.004985491834071  0.03378777414017243  
2.599139918382933e-07  0.004173800298185515  2.219555594910054e-10  0.001146699950974626  1.005027758016741  0.0340051850810897  
2.696880626390692e-07  0.004205699797484579  2.332258001993207e-10  0.001159733687040195  1.005070498179427  0.03422172901139075  
2.798296875655116e-07  0.00423787430953837  2.450716790360891e-10  0.001176309031858215  1.005113663012189  0.03443757064045647  
2.903526884977814e-07  0.004270658124905994  2.575327214847105e-10  0.001192086079224721  1.005157623294118  0.03464431548058869  
3.012714070881164e-07  0.004303943567420447  2.706427893778855e-10  0.00120925738141075  1.005202279031757  0.03484357111760197  
3.126007243068704e-07  0.004337507199201227  2.84422192661602e-10  0.001223480792907614  1.005247364952385  0.03503980262225066  
3.243560807235811e-07  0.004371303600047936  2.989088062331706e-10  0.001241151292573373  1.00529284885231  0.03523350374722042  
3.365534975507094e-07  0.004405832756067298  3.140421340339435e-10  0.001241497884055114  1.005338944835779  0.03544666216820937  
3.492095984787272e-07  0.004440985031194944  3.298649575952717e-10  0.001258878157959528  1.00538558952956  0.03567636665177903  
3.62341632332315e-07  0.004476406939039943  3.464970916465964e-10  0.001274286592555745  1.005432678757479  0.03590973876181318  
3.759674965785468e-07  0.004512061872071591  3.639829653463813e-10  0.001292232742887668  1.005480185363221  0.03614628055150649  
3.901057617190993e-07  0.004548384829059342  3.825065059333334e-10  0.001327095542782865  1.005528904840473  0.0364151941475442  
4.047756965997322e-07  0.004585294507760462  4.021191593351635e-10  0.001346705720843732  1.005578731521675  0.03671253972047149  
4.199972946715306e-07  0.004622549961295323  4.22761366865329e-10  0.001365523089972381  1.005629131127957  0.03699390809874915  
4.35791301239703e-07  0.004660114043331624  4.444895207286631e-10  0.001385862425773703  1.00568007364203  0.03726101570048004  
4.521792417370702e-07  0.004698290256997821  4.674114704707946e-10  0.001411298693886048  1.005731976519718  0.0374896248148425  
4.691834510607799e-07  0.00473702171430217  4.915923131075531e-10  0.001432742084909856  1.005784783121905  0.03768331326975485  
4.868271040122284e-07  0.004776273552560366  5.168686944122294e-10  0.001433144719778844  1.005837982504573  0.03786462766463324  
5.051342468816767e-07  0.004816005069918622  5.432989944511712e-10  0.001454226355275766  1.00589155874264  0.03803453584269484  
5.241298302206061e-07  0.004856387356494025  5.7084457704328e-10  0.001446704715427144  1.005945515553611  0.03818810542327384  
5.438397428464802e-07  0.004897379239565906  5.995596597361805e-10  0.001467008574382958  1.005999835740075  0.03832637011308131  
5.642908471262543e-07  0.00493889851271968  6.296540192453074e-10  0.001476211100800076  1.006054730928666  0.03848976833731696  
5.855110155867244e-07  0.004980919816031393  6.611975141383318e-10  0.001496704212780285  1.006110185528438  0.03867709153224436  
6.075291689016077e-07  0.005023402367235655  6.942675245881196e-10  0.001507244104656683  1.006166174698387  0.03888243931776349  
6.303753153071269e-07  0.005066331100255925  7.28940043519895e-10  0.001528003231515998  1.00622268990083  0.03910522294350441  
6.540805914998259e-07  0.005109682233065552  7.653593683701002e-10  0.001544631897111886  1.006279812303146  0.03935619891583394  
6.786773050723288e-07  0.005153448586508206  8.036156639995467e-10  0.00156599186256519  1.006337539549906  0.039634888074296  
7.041989785449296e-07  0.005197529753681549  8.43790498666669e-10  0.001582217116180674  1.006395757135962  0.03992265950688776  
7.306803950529492e-07  0.005241925395545943  8.85981061725086e-10  0.001604149778099792  1.00645446793497  0.04021950343242743  
7.581576457522118e-07  0.005287157312683825  9.306843720998289e-10  0.001649908721723174  1.00651471780398  0.04053585828692675  
7.866681790071574e-07  0.005333238132745003  9.780693406678994e-10  0.001674057288148339  1.00657654422643  0.04087201868292886  
8.162508514287236e-07  0.005379684303196836  1.027939602482313e-09  0.001697435760775422  1.006639027066127  0.04120747652349814  
8.469459808314576e-07  0.005426507347433098  1.080428660830371e-09  0.001722520869525994  1.006702183347182  0.04154220964956883  
8.787954011821328e-07  0.005474309597065188  1.135940119022951e-09  0.001763714606150711  1.006766920047114  0.04183965231864895  
9.118425196146562e-07  0.005523138300652498  1.194673776692591e-09  0.001790752693729011  1.006833313852893  0.04209800519389309  
9.461323755890779e-07  0.005572351878132757  1.256347338291485e-09  0.001805916521722453  1.006900228791244  0.04235060486787105  
9.817117022752183e-07  0.005621975438842082  1.321090470379815e-09  0.001833377482756282  1.006967676490707  0.04259707599929592  
1.018628990244686e-06  0.005672357339214423  1.388675264578331e-09  0.001826443506702718  1.007035636097111  0.04282337059811023  
1.056934553557987e-06  0.005723560152187324  1.459149552933782e-09  0.001853069432715122  1.007104108785044  0.04302782383656942  
1.096680598336867e-06  0.005775257553876137  1.533164835311481e-09  0.001870783038856383  1.007173262440291  0.04324325634707291  
1.137921293915314e-06  0.005827499041277075  1.610880001193685e-09  0.001898001740944596  1.007243132978182  0.04347076690313778  
1.180712846666189e-06  0.005880441916056416  1.692451089880915e-09  0.001913696595348443  1.007313856564385  0.0437206256017761  
1.225113576604118e-06  0.005934168899759305  1.778037096784744e-09  0.001941391190052832  1.007385493193882  0.04399546818028587  
1.271183996869028e-06  0.005988501972361341  1.868071373709236e-09  0.001966898505156234  1.007458054278173  0.04427435613321913  
1.318986896198669e-06  0.006043523628114488  1.962783069711035e-09  0.00199561694724849  1.007531622619369  0.04455784007309974  
1.368587424502518e-06  0.006099179679224303  2.062437655417967e-09  0.00202240275073129  1.007606162440057  0.04484553260056675  
1.420053181653682e-06  0.006155568198695685  2.167291121908263e-09  0.002052206754536537  1.007681772392953  0.04513808433329381  
1.473454309619834e-06  0.006212672369713118  2.277453550175313e-09  0.002072742595794584  1.007758328407574  0.04542650054343997  
1.52886358805873e-06  0.00627061628572971  2.393150663293088e-09  0.002103268463478  1.007835929687125  0.04571006413441941  
1.58635653350859e-06  0.006329122703109823  2.514721874411513e-09  0.002124867296436632  1.007914341297602  0.04599067339504017  
1.64601150230855e-06  0.006388299924094325  2.642416896226337e-09  0.002156169836716306  1.00799364526495  0.04626775950784214  
1.707909797389427e-06  0.006448304433843859  2.776547220042159e-09  0.002176497783012377  1.008074003416475  0.04654873319157003  
1.772135779080358e-06  0.006509311629533389  2.917365305990248e-09  0.002208500140460844  1.008155554169427  0.04683441866744668  
1.838776980082327e-06  0.006570810455844255  3.065334003269504e-09  0.002231103179912439  1.008237860911921  0.0471199240266558  
1.907924224765265e-06  0.006632914893019263  3.220746514722463e-09  0.002263929395685644  1.008321004216964  0.04740520751072942  
1.979671752951333e-06  0.006695960391598114  3.384074043136854e-09  0.002287714915679889  1.00840537208477  0.04769602575962627  
2.054117348353064e-06  0.00676018412410961  3.555642402756933e-09  0.002321425805189974  1.008491167217947  0.04799377368144543  
2.131362471841437e-06  0.006824884542385566  3.735949485712501e-09  0.002345686313431528  1.008577730215081  0.04829073894344154  
2.211512399725489e-06  0.006890191581663807  3.92534688490085e-09  0.002380302451304467  1.008665151959633  0.04858670820781839  
2.294676367231936e-06  0.006956426431470331  4.124361399079993e-09  0.002404196580311867  1.008753787252358  0.04888530957793021  
2.380967717380358e-06  0.007023861416246821  4.333358145885202e-09  0.002439691646548211  1.008843860114361  0.04918731561099889  
2.470504055456826e-06  0.007091847925567908  4.552987213075622e-09  0.002464571960132402  1.00893478649635  0.04948903256135083  
2.563407409296515e-06  0.007160559598492803  4.783650492515683e-09  0.002500996332305085  1.009026689217674  0.04979036941571863  
2.659804395593759e-06  0.007230129864281152  5.026003591739913e-09  0.002525257267323066  1.009119743852462  0.05009414974469552  
2.759826392466181e-06  0.007300847687982124  5.28045570232226e-09  0.002562571350995211  1.00921417662662  0.05040119591565516  
2.863609718508116e-06  0.007372244002282691  5.547854089604873e-09  0.002588472805143463  1.009309607901332  0.05070920760199676  
2.971295818577334e-06  0.007444562174927852  5.828663554843512e-09  0.002626764438434142  1.009406219280357  0.05101853112436386  
3.083031456568277e-06  0.00751769754134602  6.123750914894669e-09  0.002652935609466539  1.009503973387429  0.05133005875464532  
3.198968915434538e-06  0.007591961653921524  6.433608208956747e-09  0.002692215216339891  1.009603112239948  0.05164463080158985  
3.31926620473319e-06  0.007666991727020945  6.759244538843496e-09  0.002719347567483476  1.009703358840091  0.05196027244379313  
3.444087275973823e-06  0.007743097391728663  7.101198870645631e-09  0.00275966455036634  1.009804949575378  0.05227741605332867  
3.573602246065788e-06  0.00781992239780265  7.460576686170748e-09  0.002787457747683314  1.009907613240952  0.0525950826869015  
3.707987629168172e-06  0.00789777439287641  7.837958020997909e-09  0.002828844587193961  1.010011578106606  0.05291349603122727  
3.847426577258506e-06  0.007976515408461421  8.234446300472028e-09  0.002854974335871828  1.010116763216995  0.05323357172384646  
3.992109129748054e-06  0.00805654691007506  8.65058318950574e-09  0.00289733464308903  1.010223467429618  0.05355606045105785  
4.142232472483898e-06  0.008137239880903271  9.087876884289801e-09  0.002925423278551063  1.010331196145951  0.05387827601714902  
4.298001206490799e-06  0.008218909153447432  9.546957988014114e-09  0.002968864340904791  1.010440164460123  0.05420008840851236  
4.459627626819096e-06  0.008301578385940464  1.002932989695609e-08  0.002996675411212656  1.010550494828345  0.0545252127945892  
4.627332011878693e-06  0.008385748384990507  1.053562628971893e-08  0.003041179371135002  1.01066257361877  0.05485530791065593  
4.801342923653455e-06  0.008470518418811846  1.106772216931819e-08  0.00307113424314009  1.010775648951104  0.05518465556904716  
4.981897519205165e-06  0.008556204224797337  1.162636371999664e-08  0.003116818356810223  1.010889926200245  0.05551286245866014  
5.169241873891604e-06  0.008642985935335148  1.221329069713632e-08  0.003144771039521868  1.011005671024385  0.05584840620066362  
5.363631316739246e-06  0.008731468588817921  1.282915580462787e-08  0.003191522285052874  1.011123347345396  0.05619533740089363  
5.565330778427652e-06  0.008820580414719928  1.347650431344529e-08  0.00322383322680879  1.011242090447094  0.05654278579726916  
5.774615152359826e-06  0.008910685400970481  1.415624317470839e-08  0.003271892530471915  1.01136214628645  0.05689105059736554  
5.991769669310625e-06  0.009001825412178224  1.487107448234575e-08  0.003308760670685941  1.011483742325392  0.05724902531804755  
6.217090286163834e-06  0.009094627155763946  1.562220936312885e-08  0.00335837660171859  1.011607411857941  0.05762258931443526  
6.450884089267699e-06  0.009188171939738749  1.641208795994904e-08  0.003395222385933388  1.011732332977643  0.05798854856541517  
6.693469712958667e-06  0.009282930147073189  1.724194055422101e-08  0.003446387651819834  1.011858864795861  0.0583420888740899  
6.945177773823704e-06  0.009378662017576455  1.811508263177033e-08  0.003488754458912998  1.01198695848193  0.05868173225587679  
7.20635132129306e-06  0.009476011330011056  1.90331921750376e-08  0.003541770136482225  1.012117180394139  0.05899829016725145  
7.477346305177596e-06  0.00957420903946379  1.999576922568619e-08  0.003550495299068474  1.012248388943615  0.05930626531249248  
7.758532060787827e-06  0.009673840490058042  2.100158648391314e-08  0.003603495442007566  1.012380742558564  0.05959973608695529  
8.050291812295972e-06  0.009774372489770658  2.205536463195887e-08  0.003606490779506406  1.012514070024495  0.05988391883735378  
8.35302319502677e-06  0.009876452819800041  2.315516072383421e-08  0.003659210712539047  1.012648522306884  0.06015213252070953  
8.667138797389225e-06  0.009979478507717417  2.430946582247974e-08  0.00368168698747151  1.012784264076607  0.06044998400547823  
8.993066723187614e-06  0.01008415795128038  2.551817460109609e-08  0.003735223368998269  1.012921696622633  0.06079968218454691  
9.33125117507824e-06  0.01018966875919911  2.678718097268997e-08  0.003761517293936043  1.013060364282242  0.06116628532012856  
9.682153059967076e-06  0.01029665942841358  2.811670084959806e-08  0.003816090828597245  1.013200631373027  0.06156297994408617  
1.00462506171734e-05  0.01040460234618802  2.951952442172035e-08  0.003896615679517144  1.013342964681213  0.06197793610856153  
1.042404007021556e-05  0.01051427019411253  3.100270780496442e-08  0.003955159121591142  1.013488424897676  0.06242597174739448  
1.081603630310709e-05  0.01062467936459977  3.256371499285551e-08  0.004006598985888966  1.013635367761004  0.06287750305380438  
1.122277356208507e-05  0.01073645518878263  3.420576322573872e-08  0.004067512548009771  1.013784343755411  0.06333547874387652  
1.164480618372685e-05  0.010849433955075  3.593403518559022e-08  0.004119403223701832  1.013935276228329  0.06377885317878797  
1.208270935044776e-05  0.01096466990056186  3.775182509501267e-08  0.00418270487490823  1.014089120220441  0.06419483007804302  
1.25370798744092e-05  0.0110806800008894  3.966346668244039e-08  0.004224433811050842  1.014244372589576  0.06460652852071044  
1.300853701090571e-05  0.01119816873522123  4.167049042973782e-08  0.004289555940875294  1.014401487478505  0.06501005512091763  
1.349772330233942e-05  0.01131700961977948  4.378133569631815e-08  0.004332870300544575  1.014560618539273  0.06539574225793847  
1.40053054539322e-05  0.01143847963643213  4.599767193605875e-08  0.004399902766873191  1.01472278300899  0.06574674219504643  
1.453197524236895e-05  0.01156076387499227  4.832603825068596e-08  0.004428802753651115  1.014886260749621  0.06609366453082322  
1.507845045861051e-05  0.01168465998172228  5.076493071486518e-08  0.004496956294640504  1.015051380644048  0.06643251467431949  
1.564547588616096e-05  0.01180963715673645  5.332062429377137e-08  0.004492396140098199  1.01521769100449  0.06676107929147354  
1.623382431612278e-05  0.01193679347340025  5.598361318600145e-08  0.004559883942732656  1.015385371707082  0.06706891106578841  
1.684429760042315e-05  0.01206484832191421  5.87806235168081e-08  0.004590029136112718  1.015554493596012  0.06739061801879655  
1.747772774464681e-05  0.01219474758880305  6.170991005197569e-08  0.004658793479636713  1.015725521780596  0.06774080658270665  
1.813497804196495e-05  0.01232566255684886  6.478510869853852e-08  0.004682417542775029  1.015898046738877  0.0681134247654771  
1.881694424970556e-05  0.01245870094208775  6.800218012655085e-08  0.004752134681933728  1.016072581029319  0.06853293414060543  
1.952455581016861e-05  0.01259276674766031  7.138990328587231e-08  0.004822376147223035  1.016249183005217  0.06895790454272588  
2.025877711735017e-05  0.01272902037813052  7.495751606098997e-08  0.004895561457345102  1.016429022388459  0.06939450384728098  
2.102060883130158e-05  0.0128662824517023  7.871451802125652e-08  0.004965500838880351  1.016610917949797  0.06983542348474771  
2.18110892419152e-05  0.01300573210706784  8.266999966347432e-08  0.005042137346028928  1.016796005886912  0.07028571507548362  
2.26312956839953e-05  0.0131462984314582  8.682507610895967e-08  0.005070813157894849  1.016982803301586  0.07071174818080969  
2.348234600554276e-05  0.01328933273381493  9.117378576631089e-08  0.005148662780644045  1.017171985078039  0.07108416700458889  
2.436540009125466e-05  0.01343331765381763  9.574401177502099e-08  0.005185828168904191  1.017362824717787  0.07144522035599617  
2.5281661443315e-05  0.01357944341277598  1.005321028337431e-07  0.005265381799680735  1.017555926645856  0.07178067808954937  
2.623237882163124e-05  0.01372678895042649  1.055499285522733e-07  0.005254104891518477  1.017750439617793  0.07213221443687143  
2.72188479457518e-05  0.01387693398482358  1.107718407688914e-07  0.005332820964886561  1.01794660809409  0.0725206525822271  
2.824241326078436e-05  0.01402798262996727  1.162564166761579e-07  0.005363848209294646  1.018144359499135  0.07291097684496001  
2.930446976972144e-05  0.01418114506945283  1.219957981928395e-07  0.005444053157145149  1.018344189108519  0.07330571325557363  
3.040646493467069e-05  0.01433551928133145  1.280467658427164e-07  0.005545353420356248  1.018546688390198  0.07374047842728405  
3.154990064958089e-05  0.01449278316592614  1.344364560592132e-07  0.005630786149598313  1.018753856997897  0.07427069883421183  
3.273633528715248e-05  0.01465095522432522  1.411574912306331e-07  0.005685011881863106  1.018962906760514  0.07479803224350831  
3.396738582272209e-05  0.01481133533308692  1.482103856110982e-07  0.00577315931896022  1.019174649789625  0.07531834647196692  
3.524473003801588e-05  0.01497291657311435  1.556423030982309e-07  0.005862878943229356  1.01938896126775  0.07583078535628895  
3.657010880777493e-05  0.01513747572201557  1.634744400114485e-07  0.005955665977137736  1.019607641257227  0.07632369926622695  
3.794532847236942e-05  0.0153030941111187  1.717123963862577e-07  0.006004988580587605  1.01982835198341  0.07681027422134817  
3.937226329963483e-05  0.01547139085017751  1.803491997198064e-07  0.006100232279525931  1.020052006354734  0.07728082076354141  
4.085285803928565e-05  0.01564102479725428  1.89432262166905e-07  0.006146527923370802  1.020277965056972  0.0777393655766445  
4.238913057338783e-05  0.01581410777735628  1.989500819806182e-07  0.006244094564869902  1.020507529871404  0.07816695457776489  
4.398317466650229e-05  0.01598830314851544  2.089551963278043e-07  0.006280348610686105  1.020739101559776  0.07858808392196114  
4.563716281924763e-05  0.01616542575503292  2.194251553823477e-07  0.006379736324536298  1.020973462491484  0.07899221480502176  
4.735334922917121e-05  0.01634372382526865  2.304286332862592e-07  0.006411234785447511  1.021209876632562  0.07938900928221693  
4.913407286296367e-05  0.01652517828216658  2.419353595537761e-07  0.006512243579619984  1.021449161690351  0.07976610384586322  
5.09817606442043e-05  0.01670774063089807  2.540186752675677e-07  0.006524909014154094  1.021690280897413  0.08014958438079749  
5.289893076098157e-05  0.01689333925457222  2.666256900679129e-07  0.006626611068300678  1.021933624308208  0.08055056623130948  
5.488819609789677e-05  0.01707999607089818  2.79869105189599e-07  0.006650004099346514  1.022178890279235  0.08095522643330476  
5.695226779712831e-05  0.01726961332685806  2.937017191955686e-07  0.00675305604762919  1.022426593558827  0.08137017733000704  
5.909395895340977e-05  0.01746048018475121  3.082568032854672e-07  0.006820592000920177  1.022676864545266  0.08180497953080583  
6.131618844795769e-05  0.01765491647385333  3.235325534756436e-07  0.006927364775863441  1.022931378720854  0.0822964860808324  
6.362198492657482e-05  0.01785041261121345  3.396014190542811e-07  0.006984916802388967  1.023188212421235  0.08279310416074345  
6.601449092734883e-05  0.01804900045535087  3.564446766901016e-07  0.007094920534561634  1.023448491865235  0.08330463319744894  
6.84969671635744e-05  0.01824893425415158  3.741799598220195e-07  0.007178944924858712  1.023711657281413  0.08382315069889412  
7.107279696773412e-05  0.01845287863291248  3.928196126611183e-07  0.007293611240811893  1.023979882344888  0.08436249193043484  
7.374549090259546e-05  0.01865786800161863  4.124329832406751e-07  0.007354434481048712  1.024250521575319  0.08490045342930096  
7.651869154570818e-05  0.01886603870573761  4.329923668649048e-07  0.007472571307518204  1.024524687045356  0.08543421451223221  
7.939617845382276e-05  0.01907555911119142  4.546465815496901e-07  0.007561382344784488  1.024801862195339  0.0859596469815357  
8.238187331399601e-05  0.01928927863246018  4.774066627541547e-07  0.00768451747903838  1.025084323629004  0.08645916793079625  
8.547984528840405e-05  0.01950408189348383  5.013521136177794e-07  0.007734293010673401  1.025369231882072  0.08694524257383832  
8.869431656014705e-05  0.01972233162195917  5.264167505608217e-07  0.007860393628025446  1.025657511811367  0.08738855579143638  
9.20296680876041e-05  0.01994189165755557  5.52764695755404e-07  0.007881543535079024  1.025948266636864  0.08778671926630353  
9.549044557518078e-05  0.02016571220316741  5.802621450404442e-07  0.008009180399330924  1.026242363553418  0.0880380767534204  
9.908136566858666e-05  0.0203906749879702  6.091082064923065e-07  0.007960865076017403  1.026538230609374  0.08832949965166265  
0.0001028073223830865  0.02061943616242957  6.390045973988625e-07  0.008086591666743545  1.02683499146128  0.08875415562790459  
0.0001066733937734857  0.0208494373207698  6.702791015209042e-07  0.007945869913186542  1.027132907620254  0.08924704815177786  
0.0001106848488549412  0.02108365672297754  7.023937444662706e-07  0.008065441769011533  1.027429545539132  0.08997207143405381  
0.0001148471547840289  0.02131916750794786  7.36487081973292e-07  0.008472422724139264  1.02773192612925  0.09080505697418931  
0.0001191659843098559  0.02155917368765908  7.733834721571242e-07  0.008613677168718442  1.028049142084565  0.09201386677052713  
0.0001236472235053715  0.0218004697708357  8.125826428511766e-07  0.009034765605123658  1.028372252135329  0.09331489052229495  
0.0001282969797894147  0.02204636202661636  8.549758956058475e-07  0.009199623781725185  1.028710399613543  0.09494449022347114  
0.0001331215902504308  0.02229366723286549  9.001926775241361e-07  0.009772907173166577  1.029055851156831  0.09630362149831551  
0.0001381276302832009  0.02254612741600038  9.496144413517446e-07  0.009971686092937309  1.029421033178191  0.09667598181601843  
0.0001433219225503574  0.02279984129930589  1.002136647377153e-06  0.01035200385233451  1.029792048977968  0.09691905086040783  
0.0001487115462808954  0.02305824001590283  1.058528776655145e-06  0.0105739020265341  1.03017623995019  0.09667898360488585  
0.0001543038469183565  0.02331862586175056  1.115870881518025e-06  0.008722958302598031  1.030550272407209  0.09617195123057591  
0.0001601064461318318  0.02358661975452579  1.166840498805713e-06  0.008844776326821045  1.030874524314252  0.09464279955979048  
0.0001661272522034293  0.02385593637819849  1.219778303254034e-06  0.008409129721203815  1.031198369886702  0.09304233518549879  
0.000172374470806362  0.024130443599736  1.272642974347632e-06  0.008515015883918795  1.03151345668975  0.09116202888162936  
0.0001788566161883462  0.02440650002590048  1.327345855606248e-06  0.007974879760827589  1.031827784649828  0.09045169127861252  
0.0001855825227755519  0.02468878967036409  1.381282614407684e-06  0.008063592621773641  1.032131746009945  0.09444871782230072  
0.0001925613572129199  0.02497210290404969  1.438761767753568e-06  0.008797780480580195  1.032443808487028  0.09856322290500354  
0.0001998026308572551  0.02525964041877885  1.50290272585987e-06  0.00891750318857326  1.032781577038991  0.1031625536918016  
0.0002073162127401231  0.02554734455071136  1.57849958516443e-06  0.01465833606396606  1.033161315326567  0.1085957420757611  
0.0002151123430182167  0.02583575425870361  1.69481654198076e-06  0.01518131890391816  1.03371450504632  0.1175600781821426  
0.0002232016469295235  0.02612639734257706  1.822116578268228e-06  0.01723550683299593  1.034289941847442  0.1264970269816245  
0.0002315951492743155  0.02642674919160425  1.969812468163927e-06  0.01795791087063734  1.034932162514535  0.1353149197220166  
0.000240304289440697  0.02673121687815103  2.136536465868589e-06  0.02311936846345023  1.035622179544033  0.1443756009355058  
0.0002493409369951881  0.02705405960485765  2.351606670876593e-06  0.02448420249119159  1.036485349545514  0.1545202044180743  
0.0002587174078595924  0.02738776599933576  2.59323796238817e-06  0.02909082408893524  1.037411204251297  0.1646627522434417  
0.0002684464810961965  0.02777130495050404  2.886127314322698e-06  0.03112737494797439  1.038522525463946  0.174795870596536  
0.0002785414163241769  0.02816946083416794  3.219941472778426e-06  0.03821465862308791  1.039729470527775  0.1849831264043501  
0.0002890159717909511  0.02863654030466782  3.6371361133948e-06  0.04146553527624922  1.041221090877622  0.195425657904414  
0.0002998844231231031  0.0291192080085928  4.105673848387882e-06  0.04439670232119031  1.04281006199037  0.2056556430576133  
0.0003111615827824363  0.02967747227371991  4.626894607376003e-06  0.04806451139956759  1.044547221186815  0.214854865296234  
0.0003228628202536733  0.03024867402291034  5.2114869903323e-06  0.05160987553133339  1.046390164040986  0.2239009528691344  
0.0003350040829913136  0.03088443792976882  5.863269486539639e-06  0.05578154613267362  1.048386521588527  0.2321828497861075  
0.0003476019181541981  0.03154254392292059  6.594601075911295e-06  0.06051922547535693  1.050514249001331  0.2406903915853256  
0.0003606734951574031  0.03231544316156477  7.417330044329438e-06  0.06539013561894388  1.052880663905308  0.2503572928114825  
0.0003742366290721985  0.03310074924272789  8.340407486518559e-06  0.07103626977719046  1.055387203423325  0.2600048984565602  
0.0003883098049059609  0.03395172611725502  9.380026014168242e-06  0.07674187867302468  1.058107763115702  0.2695503704511146  
0.0004029122027951352  0.03483743369480737  1.054366059620832e-05  0.08221732763307295  1.061006064287436  0.2793177799101729  
0.0004180637241455762  0.03591264185290008  1.183802164946951e-05  0.08867434742176332  1.064228950984154  0.2902961432142074  
0.0004337850187558993  0.03700222986613804  1.328726806571994e-05  0.09603117349395091  1.067633227920953  0.3011909374838163  
0.0004500975129608051  0.03817274977778325  1.491469785488161e-05  0.1035420069763074  1.071309342239205  0.3116153931766027  
0.0004670234388327331  0.03938592359887098  1.673461405825874e-05  0.1114280906076987  1.075218416503477  0.3223446658825866  
0.0004845858644816491  0.04084689121608766  1.876668422508136e-05  0.1200290973409742  1.079574154226856  0.3348447437928882  
0.0005028087254942475  0.0423299485606414  2.103908902207549e-05  0.1298644113528825  1.084173074893413  0.3472675104876911  
0.0005217168575554344  0.04394556319014183  2.358848070406278e-05  0.1398493321388461  1.089158748009565  0.3592263436686945  
0.0005413360302965375  0.04561095193420426  2.643578115780256e-05  0.1502602993384125  1.094445279742241  0.3713619804934711  
0.0005616929824163804  0.04758510873164998  2.960998497753589e-05  0.1616525751861874  1.100300712993172  0.3845943985950076  
0.0005828154581230839  0.04959366945176029  3.315277524796743e-05  0.1739193054023469  1.106477499120132  0.3977951464176931  
0.0006047322449462643  0.05182303396022377  3.710678328869916e-05  0.186965800616082  1.113183716475171  0.4107926349313536  
0.0006274732129711574  0.05410285968612848  4.151299602215813e-05  0.1997879131418579  1.120261852873406  0.4238640478828724  
0.0006510693555481455  0.05671803847443599  4.639973675555161e-05  0.2144802172800737  1.127985003138265  0.4374267447922354  
0.000675552831533164  0.0593846149702091  5.183918118513735e-05  0.229245890197265  1.136120554434024  0.4509765846783305  
0.0007009570091165618  0.06240521708568905  5.787245198781139e-05  0.2458120841924331  1.144967273296169  0.4644378658357508  
0.0007273165113001454  0.06548468912625437  6.457994528739715e-05  0.2623302808150413  1.154276768343533  0.4778750321776198  
0.0007546672630843887  0.06898484679803848  7.200835797148196e-05  0.2809468463797054  1.164402206863689  0.4911398735778975  
0.0007830465404301183  0.07254936050732337  8.024376888594017e-05  0.2955406029295539  1.17502573291025  0.5043532660664056  
0.0008124930210614048  0.07659149443336194  8.924241947568894e-05  0.3157258557667325  1.186429261850867  0.5171848289497165  
0.0008430468371788967  0.08069633702950628  9.920723789478357e-05  0.3348716369864982  1.198373355102147  0.5299125166964295  
0.0008747496301554416  0.08528506027453545  0.0001101769902496605  0.3572484440722524  1.21123766025458  0.5418386698480829  
0.0009076446072885356  0.08995154378563114  0.0001222746397041967  0.3692632926604485  1.224667972134691  0.5536820064441599  
0.0009417766006869519  0.09524263771162064  0.0001352737617640643  0.3925070961230645  1.238879421281517  0.5648601179097745  
0.0009771921283717997  0.1006044849947932  0.0001496029409525165  0.4156464543977318  1.253699190333635  0.5759125929741387  
0.001013939457675292  0.1065587149635829  0.0001653484046609393  0.4413886665841746  1.269633939435113  0.5859131769092663  
0.001052068671023623  0.1125976485666087  0.0001826032067985253  0.4453350590390462  1.286163511544792  0.5957844416373996  
0.001091631734193615  0.1193768146588186  0.0002007189208434959  0.4705101059788907  1.303247358685982  0.6045255744726566  
0.001132682567136154  0.126235299867589  0.0002205675124969344  0.4949405843146229  1.320965508397779  0.6131494748073314  
0.001175277117462945  0.1338184061466874  0.0002422342703365682  0.5224653933765784  1.339926622445049  0.6207023957396602  
0.001219473436696738  0.1414804475863077  0.0002658420485939065  0.5227707040853625  1.35947785580703  0.6281287490477302  
0.001265331759388943  0.1498975501831472  0.0002904201631902717  0.5491808275630167  1.379418512598982  0.6343444087155132  
0.001312914585212465  0.1583994208170975  0.0003171761367406444  0.5694633765850291  1.399981120276485  0.640463827557635  
0.001362286764141647  0.1677518346979566  0.0003459805563956407  0.5973973023667315  1.42172226552251  0.645617587796205  
0.001413515584835396  0.1771837372612756  0.0003772003964906302  0.5974341746822204  1.444036399189694  0.6506732025621755  
0.001466670866343969  0.1874538778441544  0.0004096705242540034  0.6242913635123554  1.466773890026033  0.6546938364474144  
0.001521825053264387  0.1978056148101486  0.0004448062628915504  0.6376360898091148  1.49009036983992  0.6586459582142565  
0.001579053314474176  0.2090636206083862  0.0004820810163482273  0.6650438633656124  1.514361112421549  0.6618371345180372  
0.001638433645577985  0.2203973394362035  0.0005223017942342738  0.6690687590398282  1.539178509271143  0.664968945332201  
0.001700046975206718  0.2326188281760123  0.0005643538140619703  0.6959624249993684  1.564582486999821  0.6674046686197548  
0.001763977275314045  0.2449136890581401  0.0006096302458445072  0.7013448898118058  1.590513518702189  0.6697879605599033  
0.001830311675620613  0.2581191594978889  0.0006570351744235673  0.7279206712870522  1.617093635361833  0.6715205356944931  
0.001899140582361935  0.2714024847555506  0.00070799084416981  0.7363126667903681  1.644197869544438  0.673209743435992  
0.0019705578015018  0.2857114882577192  0.0007615263761453517  0.7629096377915923  1.67216367736122  0.6743276186279287  
0.002044660666579118  0.3000781294742363  0.0008189293073036855  0.760185099373286  1.70059901819159  0.6754231568876048  
0.002121550171362452  0.3152534168331484  0.000878363947153812  0.7857736450931442  1.729273296735272  0.6762053122466943  
0.002201331107493032  0.3305068168863204  0.0009420425277551491  0.7990073540650161  1.758449039911546  0.6769616367768696  
0.002284112207303826  0.346931539933867  0.001009267269413725  0.8251302166989753  1.788795676987391  0.6773306203740811  
0.00237000629200933  0.3633998521078939  0.001081131000746034  0.8188030680356497  1.819572059072557  0.6776917844282266  
0.002459130425468047  0.3805696589434805  0.001155219287165858  0.8437606631911978  1.850337051189862  0.6779271059120042  
0.002551606073727186  0.3978183651139537  0.001234401446401767  0.8622594118661522  1.881592666763366  0.6781418128848926  
0.002647559270567069  0.4164362314835794  0.001318385039248462  0.8882281298019733  1.914398658200501  0.677998791014113  
0.002747120789270815  0.4350805034893181  0.001407950896268582  0.8753128073695291  1.947599247392932  0.6778564082672754  
0.002850426320853438  0.4542215626177689  0.001499639305048874  0.8997534187736783  1.980332093550514  0.6777260497921819  
0.002957616658993256  0.4734312215237126  0.001597397522236669  0.9173016288627879  2.013527422760423  0.6775830182380159  
0.003068837891917645  0.4940490016443251  0.001700834561409096  0.9426949866203272  2.048276569639546  0.677179851270156  
0.003184241601504656  0.5146974403848312  0.00181099395461684  0.9400371409817023  2.083433793104137  0.676784136843953  
0.003303985069871862  0.5360376527124819  0.001925045427164294  0.9648660976100473  2.118681153350018  0.6765565797416215  
0.003428231493733974  0.5574291778248012  0.002046454734905991  0.9773336875915624  2.154370994223852  0.6763212703944225  
0.00355715020682139  0.5801048956711435  0.002174092550481046  1.002767607256358  2.191294309689108  0.6758919474773816  
0.003690916910662775  0.602810544076902  0.002309869388192247  1.004250073251113  2.228635899700382  0.6754622777132363  
0.003829713914046277  0.626356186377427  0.002451012797426348  1.029533551428006  2.266355113826484  0.6750228737691794  
0.003973730381485604  0.6499372215542329  0.002601086071138915  1.038614689258703  2.304507567659718  0.6745836773676712  
0.004123162591029748  0.6746474914708256  0.002758211557026657  1.064325301244254  2.343602813055125  0.6741511027579116  
0.004278214201767613  0.6993862996708743  0.002925213504079314  1.071381879845257  2.383132686859883  0.6737197485679408  
0.004439096531392166  0.725178639005552  0.003099676249793978  1.097416058074232  2.42344600667234  0.6733334479021875  
0.004606028844202398  0.7509936467159564  0.003285041379842881  1.105175239905771  2.464198337993076  0.6729488736372083  
0.004779238649935595  0.7777998800787667  0.003478760932976341  1.131618849865456  2.505690070919774  0.6726397901243851  
0.004958962013837212  0.8046308990921691  0.00368454204718937  1.143682431298556  2.547637608340643  0.6723293080763504  
0.005145443878390925  0.8327884623658559  0.003900353412646378  1.17084855643806  2.59080924829387  0.671943975507415  
0.00533893839714735  0.8609570052268882  0.004129556828445812  1.176198435608496  2.634436023200251  0.6715616206755753  
0.005539709281106401  0.8898809993007658  0.004368466036919275  1.203696530493917  2.678454156346797  0.6713841492359112  
0.005748030158125351  0.9188213064563563  0.004622150593994431  1.218491592158379  2.722949062720928  0.6712051022846854  
0.00596418494584246  0.9493276286932768  0.004888611819501805  1.246951946915931  2.768988967818848  0.6708748101604202  
0.006188468238624383  0.9798381605614351  0.005171549633169166  1.254821105510263  2.815513392905963  0.6705467946027158  
0.006421185709064759  1.011013370513203  0.005466949057182564  1.283852692123735  2.862405824318876  0.6705782366348814  
0.00666265452458115  1.042192578324328  0.005780575550796143  1.300867203436625  2.909801056216935  0.6706092404249647  
0.006913203779678127  1.075123225304956  0.006110292478710578  1.331064672098663  2.958981516401803  0.6704482528815912  
0.007173174944465613  1.108053872285583  0.006460389739947252  1.36226880504158  3.008685711040847  0.6702872653382175  
0.007442922330043758  1.141655973337655  0.006826165358728891  1.371418894366548  3.058791079151498  0.6704046055369323  
0.007722813571388642  1.175259243845845  0.007214493064711416  1.403408804622762  3.109438607107902  0.6705224304926749  
0.008013230128396887  1.210551337075245  0.007622487301855239  1.42086755795222  3.161789125048293  0.670524929772681  
0.008314567805772064  1.245853205246862  0.008055668551741089  1.45416962785376  3.214715176178022  0.6705267615451965  
0.00862723729246145  1.282118042956675  0.008509601922398222  1.46826497606166  3.268482696428532  0.6707784210446113  
0.008951664721378302  1.318392382467426  0.008991541273504764  1.502733432215336  3.322847034576014  0.6710325456410361  
0.009288292250172499  1.356221837518449  0.009497802785268163  1.5210478942276  3.378778248261422  0.6712584200705589  
0.009637578663841089  1.394073032425055  0.01003536086157045  1.556973393824656  3.435347112938844  0.6714838995747316  
0.01  1.433192137382352  0.0105997274477538  1.574955997268721  3.493164882157731  0.6718175413857244  
