# PlotEOS table
# Tabulated(filename=/Users/mbdeaton/EsOS/HShen_Tabulated.dat;)
# slice Temp = 0.01, Ye = 0.4, global minimum enthalpy = 0.9978583998657838
# WARNING: You are taking a constant-ye slice through a composition-dependent EOS. That's a strange thing to do.
# Units are geometric, with Msun=1.
# Conversion to cgs: rhoscale=6.177e17, Energypermassscale=8.989e20, Pscale=5.552e38
# [1] rho
# [2] eps, specific energy (E/rho)
# [3] P
# [4] dP/drho
# [5] h, specific enthalpy (1+eps+P/rho)
# [6] cs, adiabatic relativistic sound speed (nonrelcs/sqrt(h))
1e-10  -0.002214208994050719  1.263298861187633e-14  0.0001732824646397501  0.997912120892068  0.0152273140721519  
1.03760501976691e-10  -0.002214208994050706  1.339660252167594e-14  0.0001771421274225147  0.9979149018165802  0.0152273140721519  
1.076624177045493e-10  -0.00221420899405068  1.420637385480233e-14  0.0001810877478769011  0.9979177439581279  0.0152273140721519  
1.117110650504822e-10  -0.002214208994050626  1.506509264388935e-14  0.0001851212400905823  0.997920648664294  0.0152273140721519  
1.159119618598886e-10  -0.00221420899405064  1.597571756794573e-14  0.0001892445607681702  0.9979236173123254  0.0152273140721519  
1.20270833476851e-10  -0.00221420899405068  1.694138614635677e-14  0.0001934597101799519  0.997926651309787  0.0152273140721519  
1.247936205471311e-10  -0.002214208994050709  1.796542554907451e-14  0.0001977687331317514  0.9979297520952286  0.0152273140721519  
1.294864871145902e-10  -0.002214208994050658  1.90513640602393e-14  0.0002021737199563722  0.9979329211388672  0.0152273140721519  
1.343558290220826e-10  -0.002214208994050629  2.020294323473331e-14  0.0002066768075271163  0.9979361599432838  0.0152273140721519  
1.394082826282576e-10  -0.002214208994050681  2.142413078954763e-14  0.0002112801802938551  0.9979394700441359  0.0152273140721519  
1.446507338521647e-10  -0.002214208994050647  2.271913427438309e-14  0.0002159860713421707  0.997942853010886  0.0152273140721519  
1.500903275579733e-10  -0.002214208994050658  2.409241556858252e-14  0.0002207967634760638  0.9979463104475454  0.0152273140721519  
1.557344772926135e-10  -0.002214208994050725  2.554870625434701e-14  0.0002257145903247705  0.9979498439934348  0.0152273140721519  
1.615908753895916e-10  -0.002214208994050634  2.709302391919972e-14  0.0002307419374742064  0.9979534553239616  0.0152273140721519  
1.676675034527701e-10  -0.002208203243397387  2.851567384525156e-14  0.0002341727071012995  0.997961869509271  0.01532384761972613  
1.739726432343799e-10  -0.002201908465791589  3.000293573671815e-14  0.0002375772927472856  0.9979705493136554  0.0154250268475311  
1.80514887922111e-10  -0.002195443481591822  3.156496336289194e-14  0.0002404391911520255  0.9979794172389074  0.01552771317762253  
1.873031538506435e-10  -0.002188969552083147  3.320898442751491e-14  0.0002439202170571495  0.9979883311700072  0.01563047871437197  
1.943466926536022e-10  -0.002182330337122498  3.493615680915485e-14  0.000246935146426179  0.9979974316970657  0.01573394834775328  
2.016551038724744e-10  -0.002175681696961641  3.675393045599595e-14  0.0002504995352461298  0.9980065796480289  0.01583745813138128  
2.092383480396979e-10  -0.002168849990866537  3.866277323337861e-14  0.0002534694282874634  0.9980159286292841  0.01594252904307012  
2.171067602537263e-10  -0.002162007020715541  4.067155598376754e-14  0.0002571121411759132  0.9980253273392843  0.01604769601104403  
2.252710642645983e-10  -0.002155001381621655  4.278264171337839e-14  0.0002603823423468536  0.998034914894812  0.01615260052568447  
2.337423870891813e-10  -0.002147984994191816  4.500430656721082e-14  0.0002641189898781736  0.9980445530693047  0.01625748769874451  
2.425322741760356e-10  -0.002140768120719213  4.733524851977624e-14  0.00026699341987177  0.9980544028052146  0.0163648518107731  
2.516527051405389e-10  -0.002133537081132205  4.978775319773063e-14  0.0002707979362417223  0.9980643060263755  0.01647239094047554  
2.611161100917462e-10  -0.002126141191958189  5.236521182482324e-14  0.0002742479484513928  0.9980744025883793  0.01657928697384875  
2.709353865732049e-10  -0.002118732892513023  5.507736413124307e-14  0.000278152384895511  0.9980845530821537  0.01668613459339163  
2.811239171408467e-10  -0.002111112451646827  5.79246699748882e-14  0.0002813652311559548  0.9980949343001344  0.0167962132672912  
2.916955876018793e-10  -0.002103475050915347  6.092032173870418e-14  0.0002853528785700328  0.9981053739146777  0.01690655025117542  
3.026648059395695e-10  -0.002095663512948789  6.406817788206066e-14  0.0002889442074458237  0.9981160167902274  0.01701633967576011  
3.140465219496749e-10  -0.002087837234211812  6.738022008625363e-14  0.0002930350581905926  0.9981267176657054  0.01712608274928182  
3.25856247615323e-10  -0.00207980258972889  7.08562594671485e-14  0.0002963164384243874  0.9981376437842034  0.01723780997126217  
3.381100782480682e-10  -0.002071749318235176  7.451292762190701e-14  0.0003004894671824947  0.9981486313578097  0.01734971456766764  
3.508247144239796e-10  -0.002063506576209751  7.835457751172655e-14  0.0003041991249230471  0.998159837373889  0.01746210088649178  
3.640174847446137e-10  -0.002055245989303354  8.239612461560704e-14  0.0003084771953172172  0.9981711061175835  0.01757453257532261  
3.777063694539372e-10  -0.002046776547833785  8.664016367184582e-14  0.0003121226274239667  0.9981826084206991  0.01768907211270981  
3.919100249433402e-10  -0.002038286427197201  9.110463555716368e-14  0.0003164991770330316  0.9981941767142352  0.01780382035299544  
4.066478091781862e-10  -0.002029592046773275  9.579419842528039e-14  0.0003203462375850591  0.9982059783811577  0.01791920681213354  
4.219398080805024e-10  -0.002020876446922882  1.007273381552882e-13  0.0003248304342147607  0.9982178479782825  0.01803465957231973  
4.378068629038175e-10  -0.002011951038061356  1.059089717478355e-13  0.0003287609633595393  0.9982299569371709  0.01815077702925308  
4.542705986374043e-10  -0.002003002801955455  1.113595531897423e-13  0.0003333548540684357  0.9982421364465976  0.01826696680526839  
4.713534534786916e-10  -0.001993834558080241  1.170812458605953e-13  0.0003371566728426025  0.9982545591791386  0.0183846643142974  
4.890787094139589e-10  -0.001984641286187024  1.2309917266377e-13  0.0003418498324503653  0.998267054750247  0.01850253334258181  
5.074705239490477e-10  -0.001975235385979826  1.29419289800179e-13  0.0003459254653338523  0.9982797928052007  0.01862059319141586  
5.265539630332755e-10  -0.001965804233214819  1.360667519891588e-13  0.0003507312091056498  0.998292605657398  0.01873867570283363  
5.463550352214887e-10  -0.001956137658082279  1.430468731910204e-13  0.0003548446342864386  0.9983056827040803  0.0188593101265389  
5.669007271207434e-10  -0.001946441934558487  1.503880951561672e-13  0.0003597622203542216  0.9983188392477748  0.01898026051061083  
5.882190401699968e-10  -0.001936530490324026  1.581007123004632e-13  0.0003641978531803229  0.9983322481474004  0.01910081542436595  
6.103390288028621e-10  -0.001926591237902739  1.662127595093529e-13  0.00036924313095111  0.9983457373396017  0.01922131935872073  
6.332908400455127e-10  -0.001916405875914177  1.747245417334988e-13  0.0003732545607587056  0.9983594934908301  0.01934464705085049  
6.571057546036271e-10  -0.001906187522986197  1.836750446858208e-13  0.0003783995858586352  0.9983733337616761  0.01946835326715652  
6.818162294944493e-10  -0.001895746582713835  1.930777263514842e-13  0.0003830346515845673  0.9983874348934658  0.01959145946127326  
7.074559422819879e-10  -0.001885274649742351  2.029665276067578e-13  0.0003883129762984592  0.9984016217002297  0.01971448210927813  
7.340598369757197e-10  -0.001874549201832437  2.13348303725624e-13  0.0003927763183956326  0.9984160923684851  0.01984097738762377  
7.616641716552892e-10  -0.001863787127444643  2.24265400180578e-13  0.0003981746185644706  0.9984306541874109  0.01996797437296408  
7.903065678861364e-10  -0.001852788581579378  2.357326272955185e-13  0.0004029917110576005  0.9984454913984618  0.02009468613648163  
8.200260619934131e-10  -0.001841754621922257  2.477918821789979e-13  0.0004085274079622033  0.9984604209962241  0.0202213551853921  
8.508631582640564e-10  -0.001830461600503306  2.604530073576306e-13  0.0004132445038927786  0.9984756428592185  0.02034985089545883  
8.82859884149515e-10  -0.001819128400443658  2.73766406033874e-13  0.0004189083641606326  0.9984909620351384  0.02047862990770612  
9.160598475443691e-10  -0.00180754465243203  2.877467075192709e-13  0.0004238306937673743  0.9985065687849057  0.02060818330692528  
9.505082962189511e-10  -0.001795920697420148  3.024472762550108e-13  0.0004296313360645396  0.9985222746065642  0.02073786097687531  
9.862521794868765e-10  -0.001784034992979265  3.178805901685824e-13  0.0004345559236677213  0.9985382766802218  0.02086924548971554  
1.023340212191642e-09  -0.001772105861678498  3.341078394344971e-13  0.0004404900490807028  0.9985543816890442  0.02100091318493891  
1.061822941099382e-09  -0.001759912449592202  3.511508709097956e-13  0.0004457531403587419  0.9985707932239415  0.02113377182898431  
1.101752813788387e-09  -0.001747673741113697  3.690716214896567e-13  0.0004518369371450221  0.9985873121258346  0.02126683459564422  
1.143184250129148e-09  -0.001735168124192694  3.878940099578281e-13  0.0004572536094692935  0.9986041420175574  0.02140049211064305  
1.186173716452479e-09  -0.00172261528270606  4.076856622039964e-13  0.0004634922669289247  0.9986210828253782  0.02153425485547958  
1.230779802506663e-09  -0.001709781247809115  4.28455542531076e-13  0.0004685705688611734  0.9986383358903325  0.02166976753463199  
1.277063301308645e-09  -0.001696895889196204  4.502905575528061e-13  0.0004749407861819079  0.9986557025740839  0.02180559961363052  
1.325087291997951e-09  -0.001683735437322391  4.732173709738379e-13  0.0004804612043144426  0.9986733862208744  0.02194126228783534  
1.37491722580642e-09  -0.001670523222873409  4.973218279758116e-13  0.0004869851189186049  0.9986911871540434  0.0220768930862017  
1.426621015260735e-09  -0.001657015531310004  5.226310168578863e-13  0.0004926299924225036  0.9987093263431382  0.02221699301303406  
1.48026912673951e-09  -0.001643450558397148  5.492395189456232e-13  0.0004993110098979357  0.9987275897538165  0.02235795932747054  
1.535934676510895e-09  -0.00162960276647478  5.771868143181963e-13  0.0005052919753014452  0.9987461858807543  0.02249843726595527  
1.593693530381776e-09  -0.001615698520423908  6.06570513981701e-13  0.0005121456002614405  0.9987649082288778  0.02263881771863532  
1.653624407094179e-09  -0.001601485405250292  6.37427573364215e-13  0.0005181722954708447  0.9987839876021809  0.02278273397285206  
1.715808985610007e-09  -0.001587208842308915  6.698690703257017e-13  0.0005251970371930064  0.9988032012067954  0.02292737654996071  
1.780332016430112e-09  -0.001572637375081749  7.039409467971782e-13  0.0005314445120784568  0.9988227613147698  0.02307142658413889  
1.847281437099636e-09  -0.001558003599456055  7.397628495125737e-13  0.000538648958190241  0.9988424566848599  0.02321535142379542  
1.916748492056813e-09  -0.00154305411656461  7.773691206000135e-13  0.0005447680750443742  0.9988625124581955  0.02336219642659722  
1.988827856988812e-09  -0.001528036060582028  8.169022786940935e-13  0.0005521405885793309  0.9988827095330215  0.02350967570246034  
2.063617767863857e-09  -0.001512707591186953  8.584235231090546e-13  0.0005587248040912682  0.9989032723138502  0.02365713196632571  
2.141220154815732e-09  -0.001497309842470707  9.020763766099897e-13  0.0005662880277164887  0.9989239809690235  0.02380458309428036  
2.221740781062882e-09  -0.001481587859955339  9.479221442193005e-13  0.0005729995788243248  0.9989450695396382  0.02395362801967726  
2.305289387051711e-09  -0.001465791555770801  9.961206109409899e-13  0.0005807563425448549  0.9989663106421294  0.0241030382792445  
2.391979840020237e-09  -0.001449669775187587  1.046716202201822e-12  0.0005872838325299374  0.9989879242984284  0.02425313449443052  
2.481930289186258e-09  -0.001433471403241475  1.099900764811044e-12  0.0005952190479112019  0.9990096920367646  0.02440339212923431  
2.575263326771199e-09  -0.001416939786951524  1.155725187802855e-12  0.0006018353005397813  0.9990318396352491  0.02455453900240563  
2.672106155079438e-09  -0.0014003276988409  1.214402890255303e-12  0.0006099498130059273  0.9990541463451438  0.02470590060879563  
2.772590759860481e-09  -0.001383374000808828  1.276017938956328e-12  0.0006170416150250176  0.9990768518491181  0.02486022567194361  
2.876854090190597e-09  -0.0013663356857275  1.34078781152815e-12  0.0006253583776802104  0.9990997247293975  0.02501528478568756  
2.98503824511873e-09  -0.001348953081112204  1.408804446919761e-12  0.0006326769784461983  0.9991230021607422  0.02517141555450716  
3.097290667331413e-09  -0.001331483032354124  1.480304220320882e-12  0.0006412042736833559  0.9991464521630521  0.02532781850691071  
3.213764344100276e-09  -0.001313654199710461  1.555385672850274e-12  0.0006486759116059356  0.9991703220680908  0.02548668844735446  
3.334618015786369e-09  -0.001295731964337378  1.634310587686923e-12  0.000657417644073124  0.9991943723234551  0.02564620062237286  
3.460016392185109e-09  -0.001277453609401115  1.717197089493442e-12  0.000665154497035752  0.9992188437761754  0.02580526057410777  
3.590130377007076e-09  -0.001259080262006282  1.804328319715154e-12  0.0006741209035012876  0.999243499903681  0.02596419989837405  
3.72513730080021e-09  -0.001240333516996612  1.895785690999887e-12  0.000681593001940832  0.9992685834806648  0.02612632582065967  
3.865221162631269e-09  -0.00122148475212453  1.991910416844887e-12  0.0006907638538557393  0.9992938571476101  0.02628932238667273  
4.010572880855496e-09  -0.001202266933850618  2.09285363299308e-12  0.0006988280665429004  0.9993195671519937  0.0264516001441233  
4.161390553316715e-09  -0.001182945867607009  2.198960855327876e-12  0.0007082324295675302  0.9993454738582405  0.02661367680459362  
4.317879727332022e-09  -0.001163238284985811  2.310357068288635e-12  0.0007162435607326713  0.9993718292051215  0.02677980493463452  
4.480253679829499e-09  -0.001143420013433371  2.427440836889791e-12  0.0007258731433591049  0.9993983887791844  0.02694709330745612  
4.648733708020257e-09  -0.001123217063455195  2.550391657654664e-12  0.0007343204299842231  0.999425403661637  0.02711440580754198  
4.823549431001457e-09  -0.001102901381183654  2.67962847688537e-12  0.0007441949880953623  0.9994526290461948  0.02728172537826569  
5.004939102700954e-09  -0.001082187575768801  2.81532117944819e-12  0.0007527010628877617  0.9994803210025931  0.02745264642703479  
5.193149936590223e-09  -0.001061354410720565  2.957943026254486e-12  0.0007628184757580968  0.9995082311129735  0.02762464721986604  
5.388438442608224e-09  -0.001040119235962243  3.107733758269342e-12  0.0007718330035075626  0.9995366218350121  0.0277971220933985  
5.591070776755281e-09  -0.001018760794357071  3.265187712510446e-12  0.0007822168039265269  0.9995652396311223  0.02796974233265675  
5.801323103833378e-09  -0.0009969898102288378  3.430566046485136e-12  0.0007915142514807264  0.9995943521966003  0.02814400631737509  
6.019481973827286e-09  -0.0009750894860871487  3.604408691651029e-12  0.0008021746940005573  0.999623701025675  0.02831878564790198  
6.245844712439618e-09  -0.0009527689540277367  3.786905943561868e-12  0.0008111376442357684  0.9996535390984315  0.02849434761733952  
6.480719826311958e-09  -0.0009303137516246483  3.978707820940452e-12  0.0008220496212267178  0.9996836161709106  0.02867016041082521  
6.724427423484249e-09  -0.0009074307838657862  4.180066017994755e-12  0.0008312715528217028  0.9997141932972264  0.02884636095665294  
6.977299649665552e-09  -0.000884407712220366  4.39168893148876e-12  0.0008424442289794346  0.9997450175886837  0.02902268850110134  
7.239681140910876e-09  -0.0008609469772253737  4.613870070631122e-12  0.0008519629202792251  0.9997763559620655  0.02920242421948308  
7.511929493320954e-09  -0.0008373397822923878  4.84737873011901e-12  0.00086340743828835  0.9998079509828072  0.02938330045132903  
7.794415750404951e-09  -0.0008132898794487842  5.092567862057018e-12  0.0008733019933065619  0.9998400711966258  0.02956469022444252  
8.087524908770441e-09  -0.0007890886444960013  5.350265844076311e-12  0.0008850337837913231  0.9998724568721397  0.02974625554283373  
8.391656442830161e-09  -0.0007644319855525598  5.620887536430362e-12  0.0008953166127200658  0.9999053866104212  0.02993138673263093  
8.707224849239903e-09  -0.0007396163367190675  5.905326512776115e-12  0.0009073515266817919  0.999938593611344  0.03011776277890067  
9.034660211810535e-09  -0.0007143419216948174  6.204027112500563e-12  0.000917868808622355  0.9999723498815443  0.03030336440984184  
9.374408787662981e-09  -0.0006889039783643502  6.517975887044997e-12  0.0009302136703611279  1.00000639063004  0.0304886899985864  
9.726933615426179e-09  -0.0006629933820271678  6.847542120656093e-12  0.0009404977048312355  1.000040984088303  0.03067875986411648  
1.00927151463057e-08  -0.0006369107956374923  7.193877420299304e-12  0.0009531326612361437  1.000075868403618  0.03087055608788806  
1.047225189888435e-08  -0.00061035149305696  7.557582141447395e-12  0.0009641804391786734  1.000111325393101  0.03106152412948049  
1.086606113854596e-08  -0.0005836151409413551  7.939846211640852e-12  0.000977142611260459  1.000147086270583  0.03125218458917708  
1.127467958244947e-08  -0.0005563883504984152  8.341346832340401e-12  0.0009886788699998207  1.000183441705987  0.03144617164902615  
1.169866413101306e-08  -0.0005289756893570155  8.763362540843004e-12  0.001001989080212792  1.00022011518484  0.03164141945351613  
1.213859262690629e-08  -0.0005010670569143892  9.206451224887158e-12  0.001013277385014452  1.000257377641566  0.03183645140429889  
1.259506464258356e-08  -0.0004729666480164939  9.672106872550797e-12  0.001026914286782669  1.000294961675261  0.03203139989126268  
1.306870229743348e-08  -0.000444358906285094  1.016088497481637e-11  0.001038085498110243  1.000333138716934  0.03222809580163625  
1.356015110565632e-08  -0.000415551055242809  1.067449022832917e-11  0.001052035602329528  1.00037164446678  0.03242548095518891  
1.407008085602686e-08  -0.0003862270424364315  1.121378250805568e-11  0.001063986289972501  1.000410767844999  0.03262476254157395  
1.459918652473977e-08  -0.0003566953844712622  1.178053969357161e-11  0.001078287193527008  1.000450235856088  0.03282480703820265  
1.514818922258347e-08  -0.0003266371315005215  1.237563124219261e-11  0.0010904939454445  1.000490333864857  0.03302736267315708  
1.571783717773161e-08  -0.0002963628540219181  1.300101806357243e-11  0.001105152900457975  1.000530787721249  0.03323094844971018  
1.630890675549334e-08  -0.0002655517518115301  1.365777949703503e-11  0.001117915606127805  1.000571891229609  0.03343648238394077  
1.692220351641035e-08  -0.0002345161165603881  1.434802123957659e-11  0.001132956728257288  1.000613365261634  0.03364283115724433  
1.755856331414471e-08  -0.0002029341226159322  1.507288144236859e-11  0.00114600014353934  1.000655500657764  0.0338497476500236  
1.821885343465165e-08  -0.0001711191690795815  1.583468557925044e-11  0.001161431538848539  1.000698018158143  0.03405690621032902  
1.890397377819223e-08  -0.0001387484167018003  1.663439962526524e-11  0.001174152298268463  1.000741193537326  0.03426723067414582  
1.961485808579429e-08  -0.0001061361119948888  1.747471912552664e-11  0.001189947795967972  1.000784755835787  0.03447893105188864  
2.03524752118358e-08  -7.295772739586556e-05  1.835704239643005e-11  0.001203341099777052  1.000828998531259  0.03469034214182255  
2.111783044448242e-08  -3.952861628525877e-05  1.92842420237786e-11  0.001219531359466533  1.000873644830887  0.03490162510121474  
2.191196687578152e-08  -5.521941576650501e-06  2.025806520008204e-11  0.00123375458242116  1.000918998678362  0.03511804227837713  
2.273596682327715e-08  2.874540341244835e-05  2.128155070290372e-11  0.001250378608523531  1.000964775565152  0.03533677666872743  
2.359095330508639e-08  6.360075181235762e-05  2.235633400333403e-11  0.001264647256987184  1.001011266313022  0.03555470474913494  
2.44780915704444e-08  9.872648549125271e-05  2.348583962010715e-11  0.001281699002765973  1.001058190157425  0.03577226205900784  
2.539859068780729e-08  0.0001344535878221742  2.467180566076794e-11  0.001296059832692224  1.001105838416375  0.03599388899405709  
2.635370519267393e-08  0.0001704623985556571  2.591806464891016e-11  0.001313536035995474  1.001153931875027  0.0362174223264586  
2.734473679737586e-08  0.0002070820046395476  2.722678726762349e-11  0.001328488027039957  1.001202768577503  0.03644063656688488  
2.837303616516211e-08  0.0002439930558666655  2.860211753146067e-11  0.001346413727674067  1.001252066966779  0.0366636985504114  
2.944000475100034e-08  0.0002815274168539242  3.004641487094697e-11  0.001361765594544202  1.001302125583365  0.0368904577103466  
3.054709671159968e-08  0.0003193646889929386  3.156422724905622e-11  0.001380154593381531  1.001352661815298  0.03711901359485487  
3.169582088726115e-08  0.0003578353369633302  3.315809871458711e-11  0.001395797172638796  1.001403970057138  0.03734778073643842  
3.28877428582551e-08  0.0003966194383640772  3.483305658231112e-11  0.001414656885933897  1.001455769551902  0.0375766524277248  
3.41244870785289e-08  0.000436048495236149  3.659193753501745e-11  0.001430653298076593  1.001508355822547  0.03780718725116491  
3.540773908965269e-08  0.0004758025594815047  3.844027680878864e-11  0.001449994613815389  1.001561448742974  0.03803856016380031  
3.673924781802074e-08  0.0005162140023325505  4.038081080173772e-11  0.001465887852558768  1.001615333151471  0.03827170187520602  
3.812082795843888e-08  0.0005569627204075477  4.241978017007068e-11  0.001485695703155439  1.001669734463359  0.03850575108800632  
3.955436244734702e-08  0.0005983812043438938  4.456047312093306e-11  0.001501984562521666  1.001724943999541  0.03874118634558239  
4.104180502904709e-08  0.0006401495145219995  4.680972667281687e-11  0.001522272389476703  1.001780687233067  0.03897734554993287  
4.258518291843414e-08  0.0006826008882754319  4.917188997055829e-11  0.001539641222884046  1.001837272222311  0.03921684869236271  
4.418659956385942e-08  0.0007254154301626753  5.165422182491381e-11  0.001560460858456686  1.001894417397609  0.03945812972457651  
4.584823751389096e-08  0.0007689257340821945  5.426108030220916e-11  0.001578154325276392  1.001952418998916  0.03969994682346149  
4.75723613918789e-08  0.000812812553502184  5.700048717367926e-11  0.00159951409835962  1.002010997497574  0.03994205401781222  
4.936132098237917e-08  0.0008574062356614296  5.98766642784181e-11  0.001617045756322354  1.002070434231808  0.04018792806054449  
5.121755443364241e-08  0.0009023892251434037  6.289865247532735e-11  0.001638926481019424  1.002130457475782  0.04043587670924444  
5.314359158053241e-08  0.0009480936334098258  6.607198700442591e-11  0.001657250493006982  1.002191366529339  0.04068301164222243  
5.514205739240302e-08  0.0009942023769088468  6.940643755357243e-11  0.001679687194567153  1.002252886597914  0.04092969051009233  
5.721567555063251e-08  0.001041044422759568  7.29083732800096e-11  0.001698810772130648  1.002315317121253  0.04118198995527161  
5.936727216069126e-08  0.001088304680744367  7.658838179273802e-11  0.001721838293323217  1.002378382176396  0.04143749489083132  
6.159977960380168e-08  0.001136312912890418  8.045287394172944e-11  0.001741145252841594  1.002442370734188  0.0416919517503886  
6.391624053344005e-08  0.001184755179010722  8.451361206217533e-11  0.001764763154197542  1.002507010858582  0.04194580043306533  
6.631981202212676e-08  0.00123395492651742  8.877764180072878e-11  0.00178432914819007  1.002572584200242  0.0422030212391727  
6.88137698641567e-08  0.001283601870335835  9.325797270726065e-11  0.001808541343757705  1.002638824420871  0.04246223285480648  
7.140151304013404e-08  0.001334024211907602  9.796261613227749e-11  0.001828568432577428  1.002706020573906  0.0427217218421585  
7.408656834939568e-08  0.001384912254067026  1.029058544460159e-10  0.001853390233264807  1.00277390700357  0.04298137741778314  
7.687259521663736e-08  0.001436588300389316  1.080959781223314e-10  0.00187352630179555  1.002842758832524  0.04324471411021866  
7.976339067929281e-08  0.001488745778712367  1.135488289224692e-10  0.001898953022563471  1.002912316516559  0.04351029978497575  
8.276289456246335e-08  0.0015417078191959  1.192756620740995e-10  0.001920452748378712  1.002982880976619  0.04377723490274232  
8.587519484845179e-08  0.001595169847834503  1.252934294621828e-10  0.001946550459671103  1.003054187550016  0.0440450086201265  
8.910453324821504e-08  0.00164945100300822  1.316138360303514e-10  0.001968677570780151  1.003126523282414  0.04431503700845094  
9.24553109823358e-08  0.001704249902694337  1.382554675195656e-10  0.001995469811424414  1.003199626058489  0.04458649050444294  
9.593209477938232e-08  0.001759879437314549  1.452292248510712e-10  0.002017197420020874  1.003273754696528  0.0448600667812667  
9.953962309984243e-08  0.001816042934798088  1.525559965360193e-10  0.002044649653065461  1.003348658709152  0.04513500766013584  
1.032828125941027e-07  0.001873053332255497  1.602494858707233e-10  0.00206702384717314  1.003424613382237  0.04541073655152  
1.071667648032864e-07  0.001930617388868796  1.683325230486885e-10  0.002095161128676461  1.003501370442371  0.04568698060450194  
1.111967731120698e-07  0.001989043152803331  1.768220701631442e-10  0.002118855391939476  1.003579215827913  0.04596723065764286  
1.153783299629662e-07  0.002048041783977159  1.857427674720706e-10  0.002147740263725292  1.003657900130269  0.04625014391927246  
1.197171343418966e-07  0.002107919946049559  1.951115247000095e-10  0.002171742061238517  1.003737691037486  0.04653301304920793  
1.242190995452619e-07  0.002168392680362408  2.049555550895379e-10  0.002201379147982421  1.003818344707384  0.04681585234564892  
1.288903612390892e-07  0.002229758818346079  2.152923859217195e-10  0.002225325994465926  1.003900111696963  0.04710248135073282  
1.337372858212498e-07  0.00229173905364968  2.261522143738703e-10  0.002255699618513972  1.003982757478206  0.04739171528122673  
1.387664790981307e-07  0.00235463130584903  2.375568845141222e-10  0.00228059689213594  1.00406654967445  0.04767991653455095  
1.43984795287601e-07  0.002418160949195542  2.495392944590428e-10  0.002311748282306162  1.004151255710768  0.04796739606957293  
1.493993463605256e-07  0.002482613238443354  2.621214391172414e-10  0.002336751423044021  1.004237115152292  0.04826129250554757  
1.550175117335772e-07  0.002547721115241419  2.753396486750104e-10  0.002368673796891515  1.004323905274024  0.04855974848095917  
1.608469483265355e-07  0.002613773137351364  2.892221633583636e-10  0.002395053249038558  1.00441189343971  0.04885750213173207  
1.668956009978027e-07  0.002680507194802352  3.038083895573214e-10  0.00242781139194814  1.004500857088634  0.04915474843451739  
1.731717133723353e-07  0.002748198012516812  3.191305034114276e-10  0.00245556636773329  1.004591053853097  0.04945575526019557  
1.796838390767723e-07  0.002816591456726705  3.352313931360395e-10  0.00248922399187699  1.004682265046842  0.0497595237421849  
1.864408533970485e-07  0.002885961706825435  3.521388719184777e-10  0.002516098430940859  1.004774704788089  0.05006355142108386  
1.934519653744048e-07  0.00295606118774827  3.699008136776992e-10  0.002550591693693264  1.004868167962998  0.05036777260247705  
2.007267303562568e-07  0.003027152590976238  3.885503387532888e-10  0.002577531790254118  1.004962870559698  0.05067427792243633  
2.082750630190519e-07  0.003098996747711145  4.081401214079753e-10  0.002612851363248626  1.005058617431492  0.05098251663754756  
2.161072508808377e-07  0.003171852388354965  4.287150933107848e-10  0.002641831911799794  1.005155659463608  0.05129291973939759  
2.242339683219845e-07  0.00324548828395048  4.503322570406038e-10  0.00267807948818927  1.005253802458697  0.05160499244118343  
2.326662911331458e-07  0.00332015349108356  4.730368745177428e-10  0.002707761514459553  1.005353266548475  0.05191907343864968  
2.414157116103018e-07  0.003395625769437695  4.968914619294972e-10  0.002744962084731441  1.005453865718342  0.05223472911743256  
2.504941542174502e-07  0.003472141171154352  5.219408810377597e-10  0.002774262337613925  1.005555786127534  0.05255280102040333  
2.599139918382933e-07  0.003549487904277133  5.482540648049066e-10  0.002812380008519434  1.005658855164298  0.0528727985662317  
2.696880626390692e-07  0.003627899121824789  5.75887221241268e-10  0.002842706928820285  1.005763281813983  0.05319295077873467  
2.798296875655116e-07  0.003707172599548017  6.049156566861636e-10  0.002881785593921981  1.005868900548962  0.0535132282752822  
2.903526884977814e-07  0.003787525192333424  6.354010546276175e-10  0.00291291830040555  1.005975901879717  0.05383939866548607  
3.012714070881164e-07  0.003868766198815881  6.674258183297562e-10  0.002952988921778229  1.006084130161764  0.05417042055635388  
3.126007243068704e-07  0.003951110728591542  7.010595800175717e-10  0.002985073312288225  1.006193778532935  0.05450103127385963  
3.243560807235811e-07  0.004034378608464825  7.36392497545933e-10  0.003026174699178861  1.00630469984278  0.05483129795063091  
3.365534975507094e-07  0.004118763515060339  7.735130438098998e-10  0.003060853387708119  1.006417099587748  0.05516658570014336  
3.492095984787272e-07  0.004204098316956239  8.125197635945956e-10  0.003103115741276987  1.006530837808466  0.05550614326102715  
3.62341632332315e-07  0.004290575315013253  8.534875874639964e-10  0.003136748548145068  1.006646052884539  0.05584449352712896  
3.759674965785468e-07  0.004378039435388798  8.965247174910406e-10  0.003180096428832447  1.00676261981973  0.05618180041060984  
3.901057617190993e-07  0.004466657453156388  9.417125702628984e-10  0.003212719663561304  1.006880650433196  0.05652319549243316  
4.047756965997322e-07  0.004556288932565617  9.89169333086363e-10  0.003257081470357768  1.007000035781489  0.05686818121605003  
4.199972946715306e-07  0.004647101469071274  1.039015113432223e-09  0.003292619515433259  1.007120962912024  0.05721328423253376  
4.35791301239703e-07  0.004738968182590311  1.091379360582185e-09  0.003338144548316469  1.007243330609003  0.05755849194119919  
4.521792417370702e-07  0.004832032609497557  1.146384796726087e-09  0.003375037966313854  1.007367276802314  0.0579080178562538  
4.691834510607799e-07  0.004926183441201458  1.204173296728778e-09  0.003421785960003773  1.007492713215443  0.05826146066844019  
4.868271040122284e-07  0.005021552397649407  1.264865019315653e-09  0.00345818681634406  1.007619733577151  0.05861557999917055  
5.051342468816767e-07  0.005118044202612479  1.328614551797591e-09  0.003506113617242625  1.007748264901366  0.05897032293421279  
5.241298302206061e-07  0.005215772459934963  1.3955647001187e-09  0.003543085276286894  1.007878404158519  0.05932687006345477  
5.438397428464802e-07  0.005314658942026523  1.465884138967742e-09  0.003592207337923609  1.008010092952228  0.05968510723954366  
5.642908471262543e-07  0.005414804001576329  1.539740490302267e-09  0.00363059453318868  1.00814343321494  0.06004670503474228  
5.855110155867244e-07  0.00551614711899852  1.617318451030487e-09  0.003680975516974053  1.008278381147012  0.0604115018513096  
6.075291689016077e-07  0.005618771414812179  1.69879992700323e-09  0.00372031057748072  1.00841501563478  0.06077813407038878  
6.303753153071269e-07  0.005722635040951159  1.784386740169038e-09  0.003771987305130503  1.008553308604524  0.0611465417408867  
6.540805914998259e-07  0.00582779947577987  1.874295715598886e-09  0.003813465441101156  1.008693341948613  0.06151818834087582  
6.786773050723288e-07  0.005934242610600096  1.968749099337578e-09  0.003866541076331298  1.008835104455579  0.06189301882112745  
7.041989785449296e-07  0.006042012284762445  2.067966556293964e-09  0.00390840263938538  1.008978634772581  0.06226755596862863  
7.306803950529492e-07  0.006151107069646635  2.172190042631174e-09  0.003962880878003006  1.009123939045621  0.06264180009928486  
7.581576457522118e-07  0.006261539123359115  2.281635503891002e-09  0.004003033350957684  1.009270986454893  0.0630208052845571  
7.866681790071574e-07  0.006373328638488537  2.396561440386501e-09  0.004058801870525591  1.009419799189021  0.06340464341576378  
8.162508514287236e-07  0.006486488899596474  2.517273983009287e-09  0.004101789153460175  1.009570435432213  0.06378731279880522  
8.469459808314576e-07  0.006601063140923464  2.644059403060121e-09  0.004158991216322962  1.009722938045465  0.06416877657058673  
8.787954011821328e-07  0.006717021632359346  2.777260977255783e-09  0.004204957398455719  1.009877326037139  0.0645569772524163  
9.118425196146562e-07  0.006834431166655758  2.917196853677787e-09  0.004263742043838157  1.010033664357614  0.06495223991326454  
9.461323755890779e-07  0.006953256174425162  3.064184489518901e-09  0.00430880151407391  1.010191898639874  0.06534635509144204  
9.817117022752183e-07  0.007073589001756521  3.218564529217219e-09  0.004369099517764831  1.01035211213819  0.06573924792469334  
1.018628990244686e-06  0.007195350377194305  3.380704673650151e-09  0.004413974419123003  1.010514227717253  0.06613567555322505  
1.056934553557987e-06  0.007318658174635112  3.550971199754771e-09  0.004475758701304153  1.010678346991507  0.06653592964386457  
1.096680598336867e-06  0.007443425711866436  3.729823708489178e-09  0.004523021396795455  1.010844437559934  0.06693701784455791  
1.137921293915314e-06  0.007569799075387585  3.917667080298288e-09  0.004586408953716534  1.011012626888916  0.06733902363060593  
1.180712846666189e-06  0.007697650951071473  4.114982736146195e-09  0.004634617177411599  1.011182819040641  0.06774506758124524  
1.225113576604118e-06  0.007827155714468216  4.322210851560307e-09  0.004699643373444893  1.011355164002109  0.06815562595713119  
1.271183996869028e-06  0.007958165077041186  4.539903695388485e-09  0.004749509753393515  1.01152956284996  0.06856747171817018  
1.318986896198669e-06  0.008090883828524298  4.768543748105717e-09  0.004816249550361628  1.011706191730255  0.06898078008927697  
1.368587424502518e-06  0.008225130653785429  5.008734241566012e-09  0.004867285629656336  1.011884914568128  0.069395544162678  
1.420053181653682e-06  0.008361141782149955  5.261000492737923e-09  0.004935786234075684  1.01206593295526  0.0698119889795827  
1.473454309619834e-06  0.008498700052590649  5.5259593308573e-09  0.004985717018516196  1.012249043239196  0.07023178217993903  
1.52886358805873e-06  0.008638073738409739  5.804164177216997e-09  0.005055899462210767  1.012434464876606  0.07065550437098442  
1.58635653350859e-06  0.008779024293669826  6.09638886283395e-09  0.005107698535256157  1.012622037345314  0.07107996800457071  
1.64601150230855e-06  0.008921855323844752  6.40324064921784e-09  0.005179651043992478  1.012812010793741  0.07150531583570895  
1.707909797389427e-06  0.009066283664301157  6.725648882469036e-09  0.005235807005472877  1.013004225171955  0.07193558873719705  
1.772135779080358e-06  0.009212647967903999  7.064305046482274e-09  0.005309754687180368  1.013198970646942  0.07237183089513066  
1.838776980082327e-06  0.009360643084471106  7.420095295152908e-09  0.005365763570922233  1.013395985801683  0.07280745396809951  
1.907924224765265e-06  0.009510647103669754  7.793755032216595e-09  0.005441678899886828  1.013595586605486  0.07324231442669012  
1.979671752951333e-06  0.00966229055953894  8.186217430246065e-09  0.00549551554579778  1.013797429335976  0.07368168100724683  
2.054117348353064e-06  0.009815986633769903  8.598236257607552e-09  0.005573260517446801  1.014001841090674  0.0741266893724811  
2.131362471841437e-06  0.009971364295486267  9.031080907783407e-09  0.005630928419813232  1.014208598002609  0.0745705408448195  
2.211512399725489e-06  0.01012888191262389  9.485605098907947e-09  0.005710700728676067  1.014418075633665  0.07501292007783236  
2.294676367231936e-06  0.01028809370930896  9.963125366854132e-09  0.005770046527224721  1.014629937077345  0.07546202055347381  
2.380967717380358e-06  0.01044949694924448  1.046457273779881e-08  0.005851922082207126  1.014844589189013  0.07591981504375819  
2.470504055456826e-06  0.01061263140343085  1.099139360348902e-08  0.005912442042178279  1.015061680405885  0.07637689014957863  
2.563407409296515e-06  0.01077804211816935  1.154459312682839e-08  0.005996468620214572  1.015281654413648  0.07683301938375078  
2.659804395593759e-06  0.01094519990966875  1.212580044614489e-08  0.006058469455407959  1.015504106747417  0.07729224486020193  
2.759826392466181e-06  0.01111469276804869  1.273610544901478e-08  0.006144712050228845  1.015729514006001  0.0777556086395378  
2.863609718508116e-06  0.01128596398395974  1.33772471334511e-08  0.00620640969890344  1.015957427084183  0.07822022633584719  
2.971295818577334e-06  0.01145965143633804  1.405036513513566e-08  0.006294834921505999  1.016188350964432  0.07868654771651994  
3.083031456568277e-06  0.01163513835022977  1.475746189800204e-08  0.00635700456855389  1.016421810852893  0.0791559510552468  
3.198968915434538e-06  0.01181311076430086  1.549974405610629e-08  0.006447623854706629  1.016658341982811  0.07962961133819751  
3.31926620473319e-06  0.01199291420484054  1.627971384418185e-08  0.006515309725787961  1.016897526501669  0.0801057636457434  
3.444087275973823e-06  0.01217528884408082  1.709878796644095e-08  0.006608413429607494  1.01713996790019  0.0805854153513115  
3.573602246065788e-06  0.01235952351166361  1.795945694926879e-08  0.006677372244105999  1.017385112738624  0.08106650583446882  
3.707987629168172e-06  0.01254641370378197  1.886324161439681e-08  0.006773012954130799  1.017633604789861  0.08154965043105188  
3.847426577258506e-06  0.01273517878215222  1.981265807561473e-08  0.006838449401083594  1.017884765831512  0.08203551293358935  
3.992109129748054e-06  0.012926665411355  2.080916817779917e-08  0.006936416347122075  1.018139240394021  0.08252532069904939  
4.142232472483898e-06  0.01312006630645127  2.185611902308049e-08  0.0070051786512484  1.018396476833448  0.08301469916240817  
4.298001206490799e-06  0.01331629258032022  2.295515204506494e-08  0.007105643561673129  1.018657182669043  0.08350344399328766  
4.459627626819096e-06  0.01351444900064807  2.410997608324698e-08  0.007178089393495365  1.018920724613943  0.08399842234414676  
4.627332011878693e-06  0.01371550223625346  2.532244530957922e-08  0.007281241827245453  1.019187866277687  0.08450275612802589  
4.801342923653455e-06  0.0139185303306577  2.659645606432211e-08  0.007354735699060333  1.019457908893538  0.08500593095801495  
4.981897519205165e-06  0.01412457245158562  2.793397104220961e-08  0.007460618581739099  1.019731667124755  0.085507336994323  
5.169241873891604e-06  0.01433259155869904  2.93392821573462e-08  0.007534036534104811  1.020008333354712  0.08601341869444727  
5.363631316739246e-06  0.01454367912710939  3.081440149479322e-08  0.007642632186627274  1.020288742438718  0.08652675744753574  
5.565330778427652e-06  0.01475679535583626  3.236438611763168e-08  0.007718473184207167  1.020572152502815  0.0870391245135553  
5.774615152359826e-06  0.01497311386254837  3.399143215247559e-08  0.00782990329992425  1.020859468408372  0.08754995775349085  
5.991769669310625e-06  0.01519146479514694  3.570082987298009e-08  0.007904260408233514  1.021149776252918  0.08806681250373527  
6.217090286163834e-06  0.01541307878713127  3.749471814806883e-08  0.00801843239809528  1.021443989779612  0.08859333478766768  
6.450884089267699e-06  0.01563677441026729  3.937988999300599e-08  0.008099541140544479  1.021741346969325  0.08911988401845505  
6.693469712958667e-06  0.01586386944466524  4.135898299154291e-08  0.008216817096950395  1.022042874469738  0.08964647725484938  
6.945177773823704e-06  0.01609306379985971  4.34390212008474e-08  0.00830158230770991  1.022347622374957  0.09017624803202363  
7.20635132129306e-06  0.01632574553096999  4.562295908411105e-08  0.008422150182288281  1.02265668292911  0.09071129731603977  
7.477346305177596e-06  0.01656055459365114  4.791763606713431e-08  0.008501543467518569  1.02296892918424  0.09124710285012884  
7.758532060787827e-06  0.01679895872176815  5.032556303958389e-08  0.008625096238003598  1.023285438721501  0.09178418640243337  
8.050291812295972e-06  0.01703951532610062  5.28555359596099e-08  0.008705305706894307  1.023605182408986  0.09232246889995217  
8.35302319502677e-06  0.01728377272155496  5.55101122618588e-08  0.008831883398210566  1.023929284288542  0.09286281276556949  
8.667138797389225e-06  0.01753021397568889  5.82999201326579e-08  0.008919365340259116  1.024256761397569  0.09340720554911364  
8.993066723187614e-06  0.01778047554873877  6.122822732415837e-08  0.009049361841447754  1.024588856850557  0.09395868128078456  
9.33125117507824e-06  0.01803295764163733  6.430575992611378e-08  0.009138381157443171  1.024924397891136  0.09451150197211783  
9.682153059967076e-06  0.01828939234731973  6.753591358710729e-08  0.0092718725682428  1.025264691453708  0.09506671674461982  
1.00462506171734e-05  0.01854805527012703  7.093040358381727e-08  0.009359940480475754  1.02560844090918  0.09562471249119418  
1.042404007021556e-05  0.01881075444886678  7.449241820789159e-08  0.009496868740156606  1.025956968172732  0.09618774577337118  
1.081603630310709e-05  0.01907573442307901  7.823594439352266e-08  0.009588252243930742  1.026309062991979  0.09674966921173409  
1.122277356208507e-05  0.01934491912235606  8.216449485774369e-08  0.009728795817604932  1.026666148086231  0.09730954661477309  
1.164480618372685e-05  0.01961637768977456  8.629266049726734e-08  0.009817420452562262  1.027026776723969  0.09787636355748068  
1.208270935044776e-05  0.01989210290295793  9.062334589666451e-08  0.009961427209070181  1.027392353324301  0.09845620172907704  
1.25370798744092e-05  0.02017016955080645  9.517496080726053e-08  0.01005694542740361  1.027761647132562  0.09903469423863374  
1.300853701090571e-05  0.02045270833360017  9.995131428801094e-08  0.01020479395662287  1.028136225258233  0.09961061653672108  
1.349772330233942e-05  0.02073758601992552  1.049723208349534e-07  0.01030731251240446  1.028514625042259  0.1001913083805926  
1.40053054539322e-05  0.02102701148964211  1.102428136449129e-07  0.01045938306051054  1.02889851518569  0.100781274168774  
1.453197524236895e-05  0.02131882832498758  1.157821407412638e-07  0.01055642522685462  1.029286233912336  0.1013701921188929  
1.507845045861051e-05  0.02161537920900627  1.215936878491468e-07  0.01071241732764817  1.029679449730239  0.1019570357244078  
1.564547588616096e-05  0.02191431399099478  1.277004671221106e-07  0.01080422903890797  1.030076447763804  0.1025468025240484  
1.623382431612278e-05  0.0222180540673652  1.341041880358568e-07  0.0109638661014479  1.030478842494321  0.1031424616934505  
1.684429760042315e-05  0.02252423845974885  1.408354405727946e-07  0.01106806397038083  1.030885254390105  0.1037392082314429  
1.747772774464681e-05  0.02283544030517886  1.478983362048587e-07  0.01123203222114647  1.031297543523954  0.104338186813417  
1.813497804196495e-05  0.02314910311791967  1.553228893316771e-07  0.0113390513470917  1.031713926795801  0.1049405033587945  
1.881694424970556e-05  0.02346791081039578  1.631133112920375e-07  0.01150751013477477  1.032136338007048  0.1055497982253377  
1.952455581016861e-05  0.02378920290054896  1.713014002169025e-07  0.01160988382433104  1.032562841690717  0.1061596769733247  
2.025877711735017e-05  0.02411578535426127  1.798891695132555e-07  0.01178259060181957  1.032995352391859  0.106770799058939  
2.102060883130158e-05  0.02444488444164975  1.889156191727873e-07  0.0118873092369932  1.033432046549508  0.1073820642338521  
2.18110892419152e-05  0.02477944277805668  1.983824570692967e-07  0.01206440849111668  1.033874928788359  0.1079936398075819  
2.26312956839953e-05  0.02511652646577741  2.083329211262333e-07  0.01217025763452088  1.034322049827551  0.1086103689754394  
2.348234600554276e-05  0.02545919149520324  2.187678571775844e-07  0.01235183044389166  1.034775460709785  0.1092384882297709  
2.436540009125466e-05  0.02580443682740093  2.297369132084137e-07  0.01246241649273923  1.035233254427276  0.1098673896947744  
2.5281661443315e-05  0.02615549313177158  2.41241291490055e-07  0.01264874133307345  1.035697638612635  0.110498052737721  
2.623237882163124e-05  0.02650912432630082  2.533373501361579e-07  0.01276979413174156  1.036166553866288  0.111131946062803  
2.72188479457518e-05  0.02686866511465228  2.660290970053763e-07  0.01296145689260677  1.036642374036337  0.1117732531625214  
2.824241326078436e-05  0.02723085388655315  2.7937287979369e-07  0.01308050188495621  1.037122815923013  0.1124129658327351  
2.930446976972144e-05  0.02759923702108782  2.933699010241066e-07  0.01327741265602758  1.037610334417814  0.1130489486933171  
3.040646493467069e-05  0.02797020292017391  3.080792184968019e-07  0.01337612180910466  1.038102233038069  0.1136887236364505  
3.154990064958089e-05  0.02834732785069057  3.234891667188816e-07  0.01357721652498907  1.038600582537982  0.1143375414308241  
3.273633528715248e-05  0.02872715204377076  3.396906641882833e-07  0.01369849246830133  1.039103715614758  0.1149849958443193  
3.396738582272209e-05  0.02911353897589079  3.566815973379142e-07  0.01390503235492047  1.039614246896113  0.1156291354587888  
3.524473003801588e-05  0.02950259600051517  3.745468505119538e-07  0.01403077356981114  1.040129627335638  0.1162780072556406  
3.657010880777493e-05  0.0298982728612822  3.932838924211994e-07  0.01424303192993458  1.040652517386187  0.116938611332148  
3.794532847236942e-05  0.03029667631566554  4.12982493845537e-07  0.01436213235654596  1.041180295208206  0.1175978868115781  
3.937226329963483e-05  0.03070197411929563  4.336319307164489e-07  0.01457979110214132  1.041715614036726  0.1182538028566556  
4.085285803928565e-05  0.03110997052554502  4.553375612480466e-07  0.01469083113968921  1.042255765045238  0.1189102500563588  
4.238913057338783e-05  0.03152492738179921  4.780780760686308e-07  0.01491351169471767  1.04280324495052  0.1195680672522189  
4.398317466650229e-05  0.03194264256381815  5.019865093007766e-07  0.01503610894950381  1.043355791185013  0.1202286944308037  
4.563716281924763e-05  0.03236761622625667  5.270453030630723e-07  0.01526449159567362  1.043916215449011  0.1208967160240915  
4.735334922917121e-05  0.03279535883528547  5.533911586611545e-07  0.0153872861729471  1.044481779493367  0.1215686239563455  
4.913407286296367e-05  0.03323053669386844  5.810005559353749e-07  0.01562144137800449  1.045055336106606  0.122250967590094  
5.09817606442043e-05  0.03366851050762204  6.100349909508367e-07  0.01575821661332133  1.045634260282492  0.1229337564312357  
5.289893076098157e-05  0.03411414688225749  6.404773860096927e-07  0.01599895151188211  1.04622171459291  0.1236177654023679  
5.488819609789677e-05  0.03456262388667986  6.724922583263487e-07  0.01613711299751902  1.046814661777066  0.1243011801615784  
5.695226779712831e-05  0.03501904794402759  7.06056280538515e-07  0.01638456045862629  1.047416381849213  0.1249829325311277  
5.909395895340977e-05  0.035478241518937  7.413368506927425e-07  0.01649097620711342  1.048023294580574  0.1256659582331108  
6.131618844795769e-05  0.03594534609507163  7.782647262852294e-07  0.01674352648630781  1.048637992947147  0.126352621151403  
6.362198492657482e-05  0.03641533177064451  8.170931992376884e-07  0.01687109437659824  1.049258269635294  0.1270379881410279  
6.601449092734883e-05  0.03689372196506371  8.577676525785215e-07  0.01712997198642572  1.049887348675334  0.127719574748496  
6.84969671635744e-05  0.03737493428057624  9.00543867107485e-07  0.01727008605689584  1.050522142170189  0.1284046385475707  
7.107279696773412e-05  0.03786455575176669  9.453718278646741e-07  0.01753604394774596  1.051166013808833  0.1291000634348389  
7.374549090259546e-05  0.03835711773791203  9.925166831668323e-07  0.01767524233448964  1.051815793936539  0.1297936734934913  
7.651869154570818e-05  0.0388586317378054  1.041913011140217e-06  0.01794832171319004  1.052475082700219  0.1304817585434392  
7.939617845382276e-05  0.03936290475099233  1.093830566458174e-06  0.01804072670208309  1.053139771443567  0.1311684200921955  
8.238187331399601e-05  0.03987576145306732  1.148110201700745e-06  0.01831858233647924  1.053812203482308  0.1318506529231232  
8.547984528840405e-05  0.04039156998989721  1.205191784544179e-06  0.01845453578934156  1.054490703890736  0.1325334872504142  
8.869431656014705e-05  0.040916765837988  1.264972322660634e-06  0.01873960023942544  1.055178923456654  0.1332182344332862  
9.20296680876041e-05  0.04144479301742784  1.327825574620457e-06  0.01885666290575946  1.055873026892579  0.1339114561343963  
9.549044557518078e-05  0.04198202637103624  1.39358941173228e-06  0.01914807798219341  1.056576045734315  0.1346322330317353  
9.908136566858666e-05  0.04252221107829772  1.462762371702411e-06  0.01929857404850543  1.057285455022625  0.1353479314744537  
0.0001028073223830865  0.04307221018457365  1.535227201480668e-06  0.01959822405250162  1.058005263257973  0.1360467420799686  
0.0001066733937734857  0.04362511324633004  1.61145807269803e-06  0.0197555637513869  1.058731579963981  0.1367387478708592  
0.0001106848488549412  0.04418789514005438  1.691326147373261e-06  0.02006393006547245  1.059468452188922  0.1374076046773075  
0.0001148471547840289  0.04475353084399999  1.775256134831574e-06  0.0201217318551017  1.060211085174971  0.1380697897837695  
0.0001191659843098559  0.04532910086318787  1.86283347301713e-06  0.02043381839598252  1.060961359378952  0.1387087502306632  
0.0001236472235053715  0.04590754285719661  1.95486032549725e-06  0.02049034876907925  1.061717524432823  0.1393415835427634  
0.0001282969797894147  0.04649621824645603  2.050871328398554e-06  0.02080637495524608  1.06248156203058  0.1399525847024245  
0.0001331215902504308  0.04708776931683596  2.15180119513292e-06  0.02090431639264155  1.063251948178318  0.1406083003127422  
0.0001381276302832009  0.0476898119578953  2.257257113433887e-06  0.02122666206923007  1.06403163371221  0.1414271511247206  
0.0001433219225503574  0.0482948365936795  2.368140519659775e-06  0.02134472142153887  1.06481806261186  0.1422657901252827  
0.0001487115462808954  0.04891100436280008  2.484070910580001e-06  0.02167463077168729  1.065614958915784  0.1431783737314571  
0.0001543038469183565  0.04953030530938408  2.606487686994537e-06  0.02223261722064588  1.066422221739528  0.144062484367274  
0.0001601064461318318  0.05016160213452794  2.736541262769922e-06  0.02259281613065317  1.067253613910972  0.1448375816137669  
0.0001661272522034293  0.05079601668210597  2.873555509038813e-06  0.02285832796230472  1.068093332269557  0.1456048047562341  
0.000172374470806362  0.05144266564822304  3.017530860279512e-06  0.02323374527573456  1.068948337144493  0.1463411287130592  
0.0001788566161883462  0.05209083719318897  3.168203285762242e-06  0.02271008217927005  1.069804485999034  0.1438483216748314  
0.0001855825227755519  0.05274513482774924  3.322129330031998e-06  0.02306052687963572  1.07064622422101  0.1283631196605243  
0.0001925613572129199  0.05340218635615714  3.478182111147461e-06  0.01895692590998084  1.071464907566112  0.1121930034979907  
0.0001998026308572551  0.0540706030116327  3.616132440505448e-06  0.01914412557639212  1.072169125663664  0.09319629460674242  
0.0002073162127401231  0.05474025073428217  3.716860470426055e-06  -0.01067453650737247  1.072668710941518  0.07772817899357691  
0.0002151123430182167  0.05541511167326904  3.637584844775205e-06  -0.009683669990454164  1.072325274956959  0.07720264369588786  
0.0002232016469295235  0.0560895847476449  3.575477145529571e-06  -0.0006979278162224928  1.07210862938605  0.07846623288376217  
0.0002315951492743155  0.05676237172589516  3.570936620572307e-06  -0.0003897342364147862  1.072181246567452  0.08750737067299125  
0.000240304289440697  0.05742915156848149  3.603096215965985e-06  0.02109898179948857  1.072423042124294  0.09936493670899114  
0.0002493409369951881  0.05806911272385279  3.795612344075138e-06  0.02150837035850275  1.073291692657241  0.1237963669692559  
0.0002587174078595924  0.05870702453492897  4.009534263710365e-06  0.02799724907280945  1.074204761223317  0.1466381313840772  
0.0002684464810961965  0.05933553583156291  4.286223058309459e-06  0.02888103999091242  1.075302305225621  0.1621879650231782  
0.0002785414163241769  0.05996031979179227  4.598092327516584e-06  0.03863220347885322  1.076468070733093  0.176808509681096  
0.0002890159717909511  0.06056752814958868  5.012757413637741e-06  0.04054652608482805  1.077911750970823  0.1870471547983182  
0.0002998844231231031  0.0611954926527986  5.465993515088369e-06  0.04345116881385399  1.079422493102384  0.1969621930646227  
0.0003111615827824363  0.06192411597822418  5.9684871674743e-06  0.04566983885156235  1.081105427225273  0.2053078703621291  
0.0003228628202536733  0.06266908801887547  6.517974185692782e-06  0.04876343985379324  1.082857148634129  0.2134444304405113  
0.0003350040829913136  0.06349564534495532  7.125431142562457e-06  0.05130630645190938  1.084765329818464  0.2205374291273787  
0.0003476019181541981  0.06433137089027113  7.796323544893188e-06  0.05774236840756897  1.086760256168846  0.2278895614968792  
0.0003606734951574031  0.06521420258438859  8.572850171373009e-06  0.06107800365745964  1.088983207755206  0.2365731181593179  
0.0003742366290721985  0.06610284140271067  9.428789159021244e-06  0.06632510666924274  1.091297566949478  0.2452611767158238  
0.0003883098049059609  0.0670222179734575  1.039002635184885e-05  0.07029213775764592  1.09377927180156  0.2539730642968846  
0.0004029122027951352  0.06797292777520897  1.145174734708343e-05  0.07659101657436908  1.096395366380044  0.2628551575402566  
0.0004180637241455762  0.06909460058514791  1.264808411383629e-05  0.08134072623036506  1.099348562800325  0.2726659412220507  
0.0004337850187558993  0.0702267212229894  1.396813662809214e-05  0.08716403707430075  1.102427318348618  0.2824101786520474  
0.0004500975129608051  0.07141764374289777  1.543422042031041e-05  0.09260356926219719  1.105708480674615  0.2917798841806236  
0.0004670234388327331  0.07265200994909665  1.706080185634245e-05  0.1026173781721771  1.109182942741215  0.3014892462408331  
0.0004845858644816491  0.07413875808428078  1.892232148095526e-05  0.1093970920980765  1.113187196901612  0.313171810346386  
0.0005028087254942475  0.07564205836223942  2.098409239566589e-05  0.1177138365215425  1.117375805872367  0.3247973638499897  
0.0005217168575554344  0.07724468567455763  2.328348892862649e-05  0.1255336677749793  1.121873277968324  0.3360808049095518  
0.0005413360302965375  0.0788916715528595  2.583596706215595e-05  0.136939035133725  1.126617973916298  0.3475668397172522  
0.0005616929824163804  0.08081383074544464  2.87182358250285e-05  0.1462715167495583  1.131941825440133  0.3603096417781841  
0.0005828154581230839  0.0827644828928277  3.191726475806936e-05  0.1579633047518751  1.137528412560817  0.3730526880159473  
0.0006047322449462643  0.08489800233770001  3.549764858747705e-05  0.1688062286066717  1.143597780436404  0.3857973013764407  
0.0006274732129711574  0.08707739227125839  3.94758566833546e-05  0.1832915849401965  1.149989809673799  0.3986568836377736  
0.0006510693555481455  0.08956162639278756  4.395079008786263e-05  0.1960557462245922  1.157067168948787  0.4122805214437906  
0.000675552831533164  0.09209243817007248  4.891997005230928e-05  0.2107566846932876  1.164507159519527  0.4259063878387461  
0.0007009570091165618  0.09494407521868616  5.445923243384485e-05  0.2253948869892426  1.172636760683778  0.4395476046767258  
0.0007273165113001454  0.09784748786589952  6.060915778497755e-05  0.2422747048614058  1.181180062946084  0.453177677201338  
0.0007546672630843887  0.1011208899490938  6.746410822618965e-05  0.2590566348479645  1.190516722425592  0.4667281122455787  
0.0007830465404301183  0.1044572875070927  7.506221304007101e-05  0.2751559455899374  1.200316485095579  0.4802544164342598  
0.0008124930210614048  0.1082612078259584  8.343835294448731e-05  0.2938226885839381  1.210955447384456  0.493601632771821  
0.0008430468371788967  0.1121175611868641  9.271684708380558e-05  0.3134818657999456  1.222095848270018  0.5068573487604078  
0.0008747496301554416  0.1163785050830618  0.0001029869445482559  0.3344956384609306  1.234111558059552  0.5194070180705979  
0.0009076446072885356  0.1207215494137686  0.0001143233376032163  0.3480168546833015  1.246677608299792  0.5318604310563734  
0.0009417766006869519  0.1257240666225405  0.0001265794204841119  0.3702139327873477  1.260128999163636  0.5435406637822302  
0.0009771921283717997  0.130782402705843  0.0001401026853384238  0.3930203160770964  1.274155114448684  0.5550950819642735  
0.001013939457675292  0.136308082475991  0.000154998081280839  0.4177499332035793  1.289175277955503  0.5655961175179631  
0.001052068671023623  0.1419265273677536  0.0001713391826802715  0.4225678869531113  1.304785841972726  0.5759501732289556  
0.001091631734193615  0.1483556547939983  0.0001885375885899087  0.4469073377459541  1.321067369454053  0.5850197592025991  
0.001132682567136154  0.1548472833671278  0.0002074003074321969  0.4706347283649502  1.337952694759291  0.5939733224589526  
0.001175277117462945  0.1619098921770006  0.0002280135085279443  0.497304555160252  1.355918186169956  0.6018669583077642  
0.001219473436696738  0.1690629276780271  0.0002504943211026164  0.4977708300980797  1.374474799363519  0.6096102244816524  
0.001265331759388943  0.1770809475740219  0.0002739074844460472  0.5233765172965171  1.393551831524902  0.6159151164252612  
0.001312914585212465  0.1851700621418529  0.0002994145776100495  0.5425008288494106  1.41322341837873  0.6221218050319062  
0.001362286764141647  0.1939725245124931  0.0003268656869663845  0.5695412027158681  1.433911497399994  0.6273431436419616  
0.001413515584835396  0.2028554537405219  0.0003566305321715509  0.5676613351952068  1.455155842924473  0.6324485972028657  
0.001466670866343969  0.2125869362102207  0.0003874888719053195  0.5934207556730541  1.476783137823763  0.6363319993837336  
0.001521825053264387  0.2223924814997265  0.0004208891475847056  0.6052939849318238  1.498961162427852  0.6401458174682499  
0.001579053314474176  0.2330206223830119  0.0004562781331812013  0.6314834599945051  1.521977384639733  0.6431867839221451  
0.001638433645577985  0.2437243383421668  0.0004944663081523975  0.6337459614961108  1.545516424635638  0.6461633223034081  
0.001700046975206718  0.2553142066429456  0.000534299915301007  0.6592750828411625  1.569599589984214  0.6483844120559763  
0.001763977275314045  0.2669724275713443  0.0005771805838790469  0.6621726818937738  1.594176520252351  0.6505467869141168  
0.001830311675620613  0.2794789616882616  0.0006219349573825588  0.687178432852391  1.619276257234484  0.6519804609009006  
0.001899140582361935  0.2920569724599915  0.0006700257053466553  0.6929887898568663  1.644861662944439  0.6533678999268506  
0.0019705578015018  0.3055766340093687  0.0007204040322035896  0.7178182580697826  1.67116044568673  0.6541462283706497  
0.002044660666579118  0.3191518003005145  0.0007743916898387931  0.712058556142115  1.697890288547766  0.6548983372671238  
0.002121550171362452  0.3335056875354657  0.0008300498775204922  0.735670359484524  1.724752563864314  0.6552825909139616  
0.002201331107493032  0.3479287719232808  0.0008896461266736645  0.7461877770405282  1.752068850462774  0.6556432463004561  
0.002284112207303826  0.3633894881206632  0.0009524090189003709  0.770152098738247  1.780360692886736  0.6556500387811898  
0.00237000629200933  0.3788940669950293  0.001019446943763422  0.7601111997492744  1.809039314794822  0.6556424938620264  
0.002459130425468047  0.3951045428724045  0.001088198426644643  0.7826929983512784  1.837618049018597  0.6554042122821324  
0.002551606073727186  0.4113837963826016  0.001161616809073233  0.7981684676516381  1.866633069001096  0.6551486397375541  
0.002647559270567069  0.4288565656250616  0.001239327380507669  0.8215692615476432  1.89695841108147  0.6545930126908023  
0.002747120789270815  0.4463545762214506  0.001322114293429237  0.8040179528421687  1.927627295860464  0.6540315328799589  
0.002850426320853438  0.4643274695109915  0.001406292972232238  0.8256622174986906  1.957689799890815  0.6533599410528617  
0.002957616658993256  0.4823597634861509  0.001495950829419129  0.8395875162115543  1.988155815476315  0.6526783710436647  
0.003068837891917645  0.5016113524596676  0.001590576883351353  0.8619714096133941  2.019910767212214  0.6517919827331193  
0.003184241601504656  0.5208913837855261  0.001691231953576568  0.8543543808247521  2.052016896616401  0.650909386259841  
0.003303985069871862  0.5408131813805389  0.001794828923325008  0.8759375751136907  2.084044729153428  0.6501123478735493  
0.003428231493733974  0.5607790181967782  0.001904975191391901  0.8838323670917916  2.116451876016841  0.649308291547791  
0.00355715020682139  0.5818470140222523  0.002020333864680496  0.9057787710011924  2.149811183993537  0.6483285989370506  
0.003690916910662775  0.6029404552880565  0.002142886840225999  0.901660979669187  2.183524329727322  0.6473464089262765  
0.003829713914046277  0.6247480166687165  0.002269530925818874  0.9231990000588797  2.21735910375146  0.6462941299889333  
0.003973730381485604  0.6465853815647244  0.002404004235127111  0.9266298572350784  2.251559550503775  0.6452416191065534  
0.004123162591029748  0.6693736486883901  0.002544094844223153  0.9483207985386454  2.286398756977358  0.6441817078537948  
0.004278214201767613  0.6921857831717738  0.002692780756218346  0.949281086186195  2.321602785038062  0.6431224434786946  
0.004439096531392166  0.7158790150275617  0.00284725323336419  0.9710148486077743  2.357282781138331  0.6420870595081205  
0.004606028844202398  0.7395906357629244  0.003011137641760428  0.9716127089554319  2.393328973843578  0.6410521577380752  
0.004779238649935595  0.7641063515677241  0.003181320849351022  0.9934210232601558  2.429760670670181  0.6400383412693907  
0.004958962013837212  0.7886426379963781  0.003361828663906464  0.9987051872587236  2.4665725464179  0.6390233490722326  
0.005145443878390925  0.8142798776924285  0.003550141775398313  1.020916706169614  2.504238190192478  0.6379454311167519  
0.00533893839714735  0.8399250262011223  0.00374983007505902  1.017536555234573  2.542280025663673  0.6368691422284888  
0.005539709281106401  0.8661143410719776  0.003956347722095434  1.039694165668424  2.580294006706934  0.6359049414147855  
0.005748030158125351  0.892317062347516  0.004175290252068906  1.04724644536749  2.618703343770685  0.6349397047469819  
0.00596418494584246  0.9198067649726648  0.004404121359705895  1.070027643452187  2.658234798257571  0.6338750286739498  
0.006188468238624383  0.9472991686705925  0.004646714200730366  1.066743939728201  2.69816578405186  0.6328117379633532  
0.006421185709064759  0.9752180572023905  0.004897624124864879  1.089590834425032  2.737946990263916  0.6319671885145568  
0.00666265452458115  1.003140202060347  0.005163572004077767  1.098356916156465  2.778142415521562  0.6311223651560111  
0.006913203779678127  1.032488924663021  0.005441725527928482  1.121981099015796  2.819638515699934  0.6301575435130035  
0.007173174944465613  1.061837647265695  0.005736586580787854  1.146420512116066  2.861565330641639  0.629192721869996  
0.007442922330043758  1.091558063958721  0.00604156805257618  1.142467582419634  2.903277948255923  0.6283703594636707  
0.007722813571388642  1.121279128022798  0.006364783982290203  1.167105042600077  2.94543264713277  0.6275482451753218  
0.008013230128396887  1.152326202172998  0.006702247477519797  1.174188734257241  2.988723930695571  0.6266587044907768  
0.008314567805772064  1.183380951298084  0.007059912307070075  1.199650589827222  3.032482488742882  0.6257687735408008  
0.00862723729246145  1.215038461509401  0.007431072911313149  1.199354224728895  3.076388701383582  0.6250291042445617  
0.008951664721378302  1.246701919277342  0.007824389411263332  1.225320849288927  3.120772793779286  0.6242909176082256  
0.009288292250172499  1.279510629355283  0.00823432917253491  1.230428281218325  3.166038416245492  0.6235303174190683  
0.009637578663841089  1.312335349574708  0.008668782399594972  1.257229652978838  3.211812562883388  0.62276940389795  
0.01  1.345998640487491  0.009120586079130279  1.259483064311059  3.258057248400519  0.6220647742397263  
