# PlotEOS table
# Tabulated(filename=../GShenFSU21_ColdTable-T0.1-smooth.dat;)
# slice Temp = 0, global minimum enthalpy = 0.9911641073792244
# (Recall that for a barotropic (1D) EOS, the temperature is defined to be absolute zero,
# even if the EOS was derived from a tabulated EOS, sliced at some temperature != 0.)
# Units are geometric, with Msun=1.
# Conversion to cgs: rhoscale=6.177e17, Energypermassscale=8.989e20, Pscale=5.552e38
# [1] rho
# [2] eps, specific energy (E/rho)
# [3] P
# [4] dP/drho
# [5] h, specific enthalpy (1+eps+P/rho)
# [6] cs, adiabatic relativistic sound speed (nonrelcs/sqrt(h))
# [7] Wmax for SS^2 < 0.999 SSmax 
# [8] Wmax for SS^2 < 0.9999 SSmax 
1e-14  -0.009010567113699963  8.69212951504184e-21  1.250093733091039e-06  0.9909903020992515  0.015807484945  0.8048581652947469  5.519333400127883e-05  
1.056934553557987e-14  -0.009010567113700003  9.484634912963298e-21  1.290803910232944e-06  0.9909903302583162  0.015807484945  0.8048581777461199  5.698138139632436e-05  
1.117110650504822e-14  -0.009010567113699956  1.034939703516018e-20  1.332839806799721e-06  0.9909903593296233  0.015807484945  0.8048581906015253  5.882735203559501e-05  
1.180712846666191e-14  -0.009010567113699955  1.129300389253659e-20  1.376244593440881e-06  0.9909903893427259  0.015807484945  0.8048582038739959  6.073312862144051e-05  
1.247936205471311e-14  -0.009010567113699968  1.232264415826154e-20  1.421062846575054e-06  0.9909904203281343  0.015807484945  0.8048582175770801  6.270064194644882e-05  
1.318986896198669e-14  -0.009010567113699953  1.344616193318514e-20  1.467340594164965e-06  0.9909904523173476  0.015807484945  0.8048582317248063  6.47318968453406e-05  
1.394082826282576e-14  -0.009010567113700005  1.467211650449411e-20  1.515125362982883e-06  0.9909904853428849  0.015807484945  0.8048582463315115  6.682895485256859e-05  
1.473454309619837e-14  -0.009010567113700007  1.600984755286644e-20  1.564466227415113e-06  0.9909905194383192  0.015807484945  0.804858261412196  6.899394849690561e-05  
1.557344772926135e-14  -0.009010567113700007  1.746954630489145e-20  1.615413859855598e-06  0.9909905546383108  0.015807484945  0.8048582769823774  7.122908181834316e-05  
1.64601150230855e-14  -0.00901056711369992  1.906233317281684e-20  1.668020582740453e-06  0.9909905909786431  0.015807484945  0.8048582930578952  7.353662353424843e-05  
1.739726432343799e-14  -0.009010567113699939  2.0800342473103e-20  1.722340422276756e-06  0.9909906284962584  0.015807484945  0.8048583096550391  7.591891983493297e-05  
1.838776980082331e-14  -0.009010567113700005  2.269681486919696e-20  1.778429163920854e-06  0.9909906672292962  0.015807484945  0.8048583267908154  7.837839439437133e-05  
1.943466926536022e-14  -0.009010567113699942  2.476619824278053e-20  1.83634440966307e-06  0.9909907072171315  0.015807484945  0.8048583444830235  8.091754660178435e-05  
2.054117348353064e-14  -0.009010567113699968  2.702425776196176e-20  1.896145637177721e-06  0.9909907485004145  0.015807484945  0.8048583627493915  8.353895658564912e-05  
2.171067602537263e-14  -0.009010567113699932  2.948819598493847e-20  1.957894260899083e-06  0.9909907911211128  0.015807484945  0.8048583816087356  8.624529069576217e-05  
2.294676367231941e-14  -0.009010567113700015  3.217678391412085e-20  2.021653695086081e-06  0.9909908351225531  0.015807484945  0.8048584010803036  8.903929786292378e-05  
2.425322741760355e-14  -0.009010567113699923  3.511050399912011e-20  2.087489418940416e-06  0.9909908805494665  0.015807484945  0.8048584211842649  9.192382116362877e-05  
2.563407409296515e-14  -0.009010567113699946  3.831170617804457e-20  2.155469043845047e-06  0.9909909274480322  0.015807484945  0.8048584419408331  9.490179070065606e-05  
2.709353865732049e-14  -0.009010567113699946  4.180477814586776e-20  2.225662382791988e-06  0.9909909758659261  0.015807484945  0.8048584633714754  9.797623538526821e-05  
2.86360971850811e-14  -0.009010567113699968  4.561633114702547e-20  2.29814152207076e-06  0.9909910258523684  0.015807484945  0.8048584854980055  0.0001011502808701162  
3.026648059395696e-14  -0.009010567113699989  4.977540270766353e-20  2.372980895291106e-06  0.9909910774581739  0.015807484945  0.8048585083431499  0.0001044271522013509  
3.198968915434538e-14  -0.009010567113699937  5.431367785200803e-20  2.450257359815918e-06  0.9909911307358037  0.015807484945  0.8048585319304159  0.00010781018137577  
3.381100782480682e-14  -0.009010567113699968  5.926573048815382e-20  2.530050275682951e-06  0.990991185739418  0.015807484945  0.8048585562837605  0.0001113028074139202  
3.573602246065781e-14  -0.009010567113700003  6.46692868022125e-20  2.612441587096247e-06  0.9909912425249321  0.015807484945  0.8048585814282515  0.0001149085811448093  
3.777063694539372e-14  -0.009010567113699949  7.056551266743898e-20  2.697515906571025e-06  0.9909913011500725  0.015807484945  0.80485860738969  0.0001186311677408889  
3.992109129748053e-14  -0.009010567113699989  7.699932725789854e-20  2.78536060181837e-06  0.9909913616744357  0.015807484945  0.8048586341945905  0.0001224743517971701  
4.219398080805024e-14  -0.009010567113699989  8.401974525588228e-20  2.876065885459014e-06  0.9909914241595491  0.015807484945  0.8048586618705205  0.0001264420398642036  
4.459627626819086e-14  -0.009010567113699984  9.168025026009838e-20  2.969724907658215e-06  0.9909914886689333  0.015807484945  0.8048586904458734  0.0001305382650019641  
4.713534534786917e-14  -0.009010567113699915  1.000392022393791e-19  3.066433851776941e-06  0.9909915552681666  0.015807484945  0.8048587199499833  0.0001347671927372682  
4.981897519205165e-14  -0.009010567113700014  1.09160282135999e-19  3.16629203313748e-06  0.9909916240249518  0.015807484945  0.8048587504129348  0.0001391331209556611  
5.265539630332755e-14  -0.009010567113700017  1.191129770057316e-19  3.269402001005011e-06  0.9909916950091852  0.015807484945  0.804858781866247  0.0001436404882589836  
5.56533077842764e-14  -0.009010567113699941  1.299731093905725e-19  3.375869643889693e-06  0.9909917682930273  0.015807484945  0.8048588143422393  0.0001482938766992866  
5.882190401699968e-14  -0.009010567113699942  1.418234149570533e-19  3.485804298277496e-06  0.9909918439509762  0.015807484945  0.8048588478741627  0.0001530980161272051  
6.217090286163834e-14  -0.009010567113700005  1.547541728007574e-19  3.599318860901356e-06  0.9909919220599436  0.015807484945  0.8048588824963733  0.0001580577922202306  
6.571057546036271e-14  -0.00901056711369996  1.688638932188937e-19  3.716529904668004e-06  0.990992002699333  0.015807484945  0.8048589182447307  0.0001631782453074077  
6.94517777382369e-14  -0.009010567113699937  1.842600681905642e-19  3.837557798359379e-06  0.9909920859511199  0.015807484945  0.8048589551558595  0.0001684645805370935  
7.340598369757196e-14  -0.009010567113699994  2.010599902821179e-19  3.962526830231624e-06  0.9909921718999356  0.015807484945  0.8048589932676281  0.0001739221732735654  
7.758532060787844e-14  -0.009010567113699988  2.19391646216246e-19  4.091565335638536e-06  0.9909922606331534  0.015807484945  0.8048590326194722  0.0001795565704036502  
8.20026061993413e-14  -0.009010567113699918  2.393946919122825e-19  4.224805828810449e-06  0.9909923522409768  0.015807484945  0.8048590732518973  0.0001853735000841605  
8.667138797389224e-14  -0.009010567113699915  2.612215164258741e-19  4.36238513892401e-06  0.9909924468165316  0.015807484945  0.8048591152065847  0.0001913788763390413  
9.160598475443691e-14  -0.009010567113699989  2.850384028933945e-19  4.504444550602351e-06  0.9909925444559606  0.015807484945  0.8048591585267808  0.000197578802754501  
9.682153059967096e-14  -0.00901056711369996  3.110267953255401e-19  4.651129948990062e-06  0.9909926452585214  0.015807484945  0.804859203257421  0.0002039795833098438  
1.023340212191642e-13  -0.009010567113699979  3.393846809008929e-19  4.802591969551818e-06  0.9909927493266867  0.015807484945  0.8048592494443786  0.0002105877234396181  
1.081603630310709e-13  -0.009010567113699916  3.703280982901947e-19  4.958986152748596e-06  0.9909928567662494  0.015807484945  0.8048592971354418  0.000217409942733952  
1.143184250129148e-13  -0.009010567113699977  4.040927835021539e-19  5.12047310375012e-06  0.9909929676864292  0.015807484945  0.8048593463797337  0.0002244531749764476  
1.208270935044778e-13  -0.009010567113699932  4.409359657893482e-19  5.287218657347654e-06  0.9909930821999846  0.015807484945  0.8048593972283106  0.00023172458106018  
1.277063301308645e-13  -0.00901056711369996  4.811383272959332e-19  5.459394048236333e-06  0.9909932004233266  0.015807484945  0.8048594497334839  0.0002392315526990156  
1.349772330233942e-13  -0.009010567113699955  5.250061413763695e-19  5.637176086842067e-06  0.9909933224766377  0.015807484945  0.8048595039497384  0.0002469817207644784  
1.426621015260736e-13  -0.009010567113699918  5.728736058754516e-19  5.820747340873287e-06  0.9909934484839938  0.015807484945  0.8048595599331454  0.0002549829647601828  
1.507845045861054e-13  -0.009010567113699972  6.251053891452933e-19  6.010296322784141e-06  0.9909935785734902  0.015807484945  0.8048596177415039  0.0002632434180595489  
1.593693530381776e-13  -0.009010567113700005  6.820994081955321e-19  6.20601768334144e-06  0.9909937128773723  0.015807484945  0.8048596774347683  0.0002717714780313294  
1.684429760042315e-13  -0.009010567113700001  7.44289860141575e-19  6.408112411494333e-06  0.9909938515321693  0.015807484945  0.8048597390749639  0.0002805758147004075  
1.780332016430112e-13  -0.009010567113699944  8.121505300452684e-19  6.61678804075162e-06  0.990993994678834  0.015807484945  0.8048598027259115  0.0002896653777989166  
1.881694424970552e-13  -0.009010567113699989  8.861984003481479e-19  6.832258862278815e-06  0.9909941424628848  0.015807484945  0.8048598684534957  0.0002990494081135086  
1.988827856988812e-13  -0.009010567113699968  9.669975893949694e-19  7.054746144933668e-06  0.9909942950345548  0.015807484945  0.8048599363261549  0.0003087374446111267  
2.102060883130158e-13  -0.009010567113700001  1.055163649052315e-18  7.284478362465984e-06  0.990994452548944  0.015807484945  0.8048600064143523  0.0003187393359785459  
2.221740781062883e-13  -0.009010567113699968  1.151368254162877e-18  7.521691428115259e-06  0.990994615166177  0.015807484945  0.8048600787910067  0.0003290652509699869  
2.348234600554281e-13  -0.009010567113699961  1.25634431956095e-18  7.76662893684665e-06  0.9909947830515657  0.015807484945  0.8048601535314228  0.0003397256856589222  
2.481930289186258e-13  -0.009010567113699932  1.370891583632086e-18  8.019542415474153e-06  0.9909949563757776  0.015807484945  0.8048602307134221  0.0003507314779760965  
2.623237882163124e-13  -0.009010567113699974  1.49588270095419e-18  8.280691580927966e-06  0.9909951353150089  0.015807484945  0.8048603104172536  0.0003620938156441821  
2.772590759860481e-13  -0.009010567113699927  1.632269890435435e-18  8.55034460693082e-06  0.9909953200511643  0.015807484945  0.8048603927263932  0.0003738242497710083  
2.930446976972138e-13  -0.009010567113700001  1.781092189596553e-18  8.828778399357374e-06  0.990995510772041  0.015807484945  0.8048604777264106  0.0003859347048386352  
3.097290667331413e-13  -0.009010567113699937  1.943483370262748e-18  9.116278880559293e-06  0.9909957076715205  0.015807484945  0.8048605655063663  0.000398437492864005  
3.273633528715248e-13  -0.009010567113699941  2.12068057596918e-18  9.413141282947804e-06  0.9909959109497649  0.015807484945  0.8048606561579393  0.0004113453235301508  
3.460016392185109e-13  -0.009010567113699979  2.314033746882519e-18  9.719670452135458e-06  0.9909961208134211  0.015807484945  0.8048607497758178  0.0004246713189505543  
3.657010880777486e-13  -0.009010567113699915  2.525015904040123e-18  1.003618115994794e-05  0.9909963374758306  0.015807484945  0.804860846458467  0.0004384290257807918  
3.865221162631269e-13  -0.009010567113699998  2.755234371255386e-18  1.03629984276276e-05  0.9909965611572458  0.015807484945  0.8048609463067598  0.0004526324300395603  
4.085285803928565e-13  -0.009010567113699953  3.00644302018083e-18  1.070045785956029e-05  0.990996792085055  0.015807484945  0.8048610494258767  0.0004672959707174452  
4.317879727332022e-13  -0.009010567113699977  3.280555631815693e-18  1.104890598786845e-05  0.9909970304940126  0.015807484945  0.8048611559239462  0.0004824345545632666  
4.563716281924754e-13  -0.009010567113699916  3.579660476249556e-18  1.14087006282239e-05  0.9909972766264783  0.015807484945  0.8048612659130956  0.0004980635713394631  
4.823549431001457e-13  -0.009010567113699949  3.906036221714988e-18  1.178021124724583e-05  0.9909975307326632  0.015807484945  0.8048613795089585  0.0005141989092151723  
5.09817606442043e-13  -0.009010567113699922  4.262169294148988e-18  1.216381934186115e-05  0.9909977930708843  0.015807484945  0.8048614968313436  0.0005308569710367087  
5.388438442608223e-13  -0.009010567113699937  4.650772819513266e-18  1.255991883101664e-05  0.9909980639078271  0.015807484945  0.8048616180039871  0.0005480546912300021  
5.695226779712819e-13  -0.009010567113700003  5.074807293181935e-18  1.29689164601452e-05  0.9909983435188164  0.015807484945  0.8048617431548074  0.0005658095528421179  
6.019481973827287e-13  -0.009010567113699934  5.537503133861527e-18  1.33912322188013e-05  0.990998632188097  0.015807484945  0.8048618724163866  0.0005841396052373338  
6.362198492657496e-13  -0.009010567113699968  6.042385293865918e-18  1.382729977189428e-05  0.9909989302091214  0.015807484945  0.8048620059253428  0.0006030634823278413  
6.724427423484249e-13  -0.009010567113699994  6.593300113234772e-18  1.427756690496281e-05  0.9909992378848493  0.015807484945  0.8048621438233802  0.0006226004222941816  
7.107279696773411e-13  -0.0090105671137  7.194444622277394e-18  1.474249598394685e-05  0.990999555528055  0.015807484945  0.8048622862568309  0.0006427702855846475  
7.511929493320953e-13  -0.009010567113699951  7.850398515777842e-18  1.522256442992985e-05  0.9909998834616452  0.015807484945  0.8048624333772445  0.0006635935772256928  
7.939617845382291e-13  -0.009010567113699977  8.566159042450006e-18  1.571826520933813e-05  0.9910002220189879  0.015807484945  0.8048625853409355  0.0006850914654684273  
8.391656442830162e-13  -0.009010567113699979  9.347179075440468e-18  1.623010734010082e-05  0.9910005715442505  0.015807484945  0.8048627423101582  0.0007072858050684359  
8.869431656014705e-13  -0.0090105671137  1.019940865391211e-17  1.675861641429041e-05  0.9910009323927503  0.015807484945  0.8048629044523906  0.0007301991586061111  
9.374408787662981e-13  -0.009010567113699944  1.112934031218346e-17  1.730433513777972e-05  0.9910013049313157  0.015807484945  0.8048630719411398  0.0007538548195172718  
9.908136566858686e-13  -0.009010567113700007  1.214405854175513e-17  1.78678238874701e-05  0.9910016895386582  0.015807484945  0.8048632449554947  0.000778276835853136  
1.047225189888435e-12  -0.009010567113699967  1.325129376303897e-17  1.844966128666224e-05  0.9910020866057588  0.015807484945  0.8048634236813897  0.0008034900349610023  
1.106848488549412e-12  -0.009010567113699958  1.445948121796333e-17  1.905044479916113e-05  0.9910024965362644  0.015807484945  0.8048636083105792  0.0008295200481498626  
1.169866413101306e-12  -0.009010567113699927  1.577782523211424e-17  1.967079134272426e-05  0.9910029197468984  0.015807484945  0.8048637990418696  0.0008563933372912303  
1.236472235053712e-12  -0.009010567113699918  1.721636933598126e-17  2.031133792248338e-05  0.9910033566678844  0.015807484945  0.8048639960809284  0.0008841372217856456  
1.306870229743348e-12  -0.009010567113700005  1.878607277951192e-17  2.097274228499003e-05  0.9910038077433837  0.015807484945  0.8048641996403783  0.0009127799056584389  
1.381276302832009e-12  -0.009010567113699953  2.049889402288439e-17  2.165568359355603e-05  0.9910042734319467  0.015807484945  0.8048644099408796  0.0009423505067243094  
1.459918652473983e-12  -0.009010567113699963  2.23678818395574e-17  2.236086312558302e-05  0.9910047542069789  0.015807484945  0.8048646272101008  0.0009728790862197563  
1.543038469183568e-12  -0.009010567113699967  2.440727472564387e-17  2.30890049925957e-05  0.9910052505572221  0.015807484945  0.8048648516842468  0.0010043966796358  
1.630890675549334e-12  -0.009010567113699984  2.663260937294194e-17  2.384085688371954e-05  0.9910057629872517  0.015807484945  0.8048650836076027  0.001036935327080647  
1.72374470806362e-12  -0.009010567113699913  2.906083903199903e-17  2.461719083336485e-05  0.9910062920179894  0.015807484945  0.8048653232332486  0.001070528107352678  
1.821885343465165e-12  -0.009010567113699948  3.171046266693573e-17  2.541880401390613e-05  0.9910068381872322  0.015807484945  0.8048655708229594  0.001105209170545541  
1.925613572129195e-12  -0.009010567113699948  3.460166588596789e-17  2.624651955417043e-05  0.9910074020502002  0.015807484945  0.8048658266481415  0.001141013773105405  
2.03524752118358e-12  -0.009010567113699984  3.775647472127715e-17  2.710118738457473e-05  0.9910079841801001  0.015807484945  0.8048660909895659  0.001177978313893671  
2.151123430182167e-12  -0.009010567113699944  4.119892342976872e-17  2.798368510978e-05  0.9910085851687083  0.015807484945  0.8048663641384063  0.001216140370697469  
2.273596682327715e-12  -0.009010567113699935  4.495523759307504e-17  2.88949189097585e-05  0.9910092056269724  0.015807484945  0.8048666463958775  0.001255538738628474  
2.403042894406975e-12  -0.009010567113699967  4.905403391171052e-17  2.983582447019846e-05  0.9910098461856323  0.015807484945  0.8048669380740722  0.001296213470103794  
2.539859068780729e-12  -0.009010567113699982  5.352653821546924e-17  3.080736794320149e-05  0.9910105074958614  0.015807484945  0.8048672394965783  0.001338205914483535  
2.684464810961965e-12  -0.009010567113699908  5.840682335093577e-17  3.181054693926007e-05  0.9910111902299287  0.015807484945  0.8048675509985459  0.001381558760971893  
2.837303616516212e-12  -0.009010567113699953  6.37320687584001e-17  3.284639155153185e-05  0.9910118950818816  0.015807484945  0.8048678729269095  0.001426316081872535  
2.998844231231025e-12  -0.009010567113699929  6.954284371571392e-17  3.391596541346364e-05  0.9910126227682524  0.015807484945  0.8048682056417162  0.001472523376915914  
3.169582088726109e-12  -0.009010567113699915  7.588341640692126e-17  3.502036679085017e-05  0.991013374028786  0.015807484945  0.8048685495159086  0.001520227620162777  
3.350040829913136e-12  -0.009010567113699977  8.280209117023924e-17  3.616072970944909e-05  0.9910141496271919  0.015807484945  0.8048689049359998  0.001569477307125084  
3.54077390896527e-12  -0.009010567113699918  9.035157649464003e-17  3.733822511930942e-05  0.9910149503519213  0.015807484945  0.8048692723028998  0.001620322504747745  
3.742366290721977e-12  -0.009010567113700007  9.858938656854699e-17  3.855406209700967e-05  0.9910157770169675  0.015807484945  0.8048696520318235  0.001672814901481822  
3.95543624473471e-12  -0.009010567113699998  1.075782794397514e-16  3.980948908703878e-05  0.9910166304626945  0.015807484945  0.8048700445538491  0.001727007860524285  
4.180637241455762e-12  -0.009010567113700001  1.173867351245831e-16  4.110579518359457e-05  0.9910175115566904  0.015807484945  0.8048704503157501  0.001782956473826826  
4.418659956385941e-12  -0.00901056711369993  1.280894773087187e-16  4.244431145411687e-05  0.9910184211946499  0.015807484945  0.8048708697808727  0.001840717617930998  
4.67023438832733e-12  -0.009010567113699984  1.397680426140827e-16  4.38264123059119e-05  0.9910193603012845  0.015807484945  0.8048713034296573  0.001900350011824302  
4.936132098237907e-12  -0.009010567113699996  1.525114017686941e-16  4.525351689727274e-05  0.9910203298312629  0.015807484945  0.8048717517610978  0.001961914276909937  
5.217168575554354e-12  -0.00901056711369992  1.664166374117097e-16  4.672709059454381e-05  0.9910213307701813  0.015807484945  0.8048722152924661  0.002025472998274571  
5.514205739240302e-12  -0.0090105671137  1.815896836973739e-16  4.824864647662465e-05  0.991022364135565  0.015807484945  0.8048726945604905  0.002091090788477446  
5.82815458123084e-12  -0.009010567113699989  1.981461333324121e-16  4.981974688845942e-05  0.9910234309779036  0.015807484945  0.804873190122635  0.002158834352984556  
6.159977960380181e-12  -0.00901056711370001  2.162121181950936e-16  5.144200504510452e-05  0.9910245323817179  0.015807484945  0.8048737025571686  0.002228772558402589  
6.510693555481468e-12  -0.009010567113699934  2.359252702447867e-16  5.311708668802232e-05  0.9910256694666635  0.015807484945  0.804874232464587  0.002300976501884282  
6.88137698641567e-12  -0.009010567113699935  2.574357700425076e-16  5.484671179530226e-05  0.9910268433886676  0.015807484945  0.8048747804682838  0.002375519583952483  
7.273165113001454e-12  -0.009010567113699967  2.80907490870378e-16  5.663265634756295e-05  0.9910280553411056  0.015807484945  0.804875347215616  0.002452477582612246  
7.687259521663721e-12  -0.009010567113699991  3.06519247166243e-16  5.847675415134974e-05  0.9910293065560132  0.015807484945  0.8048759333791302  0.002531928730745919  
8.124930210614031e-12  -0.009010567113699986  3.344661567843862e-16  6.038089872189907e-05  0.9910305983053392  0.015807484945  0.8048765396572437  0.002613953795206635  
8.587519484845179e-12  -0.009010567113700008  3.649611274604433e-16  6.234704522720278e-05  0.9910319319022387  0.015807484945  0.8048771667756637  0.002698636159101706  
9.076446072885357e-12  -0.009010567113699951  3.982364788048267e-16  6.437721249536695e-05  0.9910333087024077  0.015807484945  0.8048778154885959  0.002786061906645396  
9.593209477938231e-12  -0.009010567113699923  4.345457121815154e-16  6.647348508732868e-05  0.9910347301054613  0.015807484945  0.8048784865795872  0.002876319910202101  
1.013939457675294e-11  -0.009010567113699974  4.74165441955623e-16  6.86380154370555e-05  0.9910361975563566  0.015807484945  0.804879180863191  0.002969501920991809  
1.071667648032864e-11  -0.009010567113699941  5.173975028225664e-16  7.087302606142577e-05  0.991037712546862  0.015807484945  0.8048798991865558  0.003065702662024386  
1.132682567136154e-11  -0.009010567113699935  5.645712492731212e-16  7.318081184206059e-05  0.9910392766170728  0.015807484945  0.8048806424301154  0.003165019924429077  
1.197171343418966e-11  -0.009010567113699986  6.160460647122989e-16  7.556374238144624e-05  0.9910408913569775  0.015807484945  0.8048814115097989  0.003267554666695367  
1.26533175938894e-11  -0.009010567113700001  6.722140993472981e-16  7.802426443576861e-05  0.991042558408074  0.015807484945  0.8048822073783444  0.003373411117226773  
1.337372858212492e-11  -0.00901056711369992  7.33503257702537e-16  8.056490442695586e-05  0.9910442794650383  0.015807484945  0.8048830310269519  0.003482696880251786  
1.413515584835396e-11  -0.009010567113699949  8.003804585215449e-16  8.3188271036509e-05  0.9910460562774468  0.015807484945  0.8048838834867648  0.003595523045038924  
1.493993463605256e-11  -0.009010567113700007  8.733551918905659e-16  8.589705788378133e-05  0.9910478906515557  0.015807484945  0.8048847658313479  0.003712004298606162  
1.579053314474179e-11  -0.009010567113699934  9.529834006831641e-16  8.869404629146001e-05  0.9910497844521369  0.015807484945  0.8048856791783189  0.003832259042307199  
1.668956009978026e-11  -0.009010567113700015  1.039871715895678e-15  9.158210814108299e-05  0.9910517396043728  0.015807484945  0.8048866246907364  0.003956409511845858  
1.763977275314045e-11  -0.009010567113699965  1.134682078139712e-15  9.456420882152933e-05  0.9910537580958149  0.015807484945  0.8048876035806001  0.004084581901462694  
1.864408533970485e-11  -0.009010567113699915  1.238136780499394e-15  9.764341027350389e-05  0.991055841978403  0.015807484945  0.8048886171097217  0.004216906492021775  
1.970557801501796e-11  -0.009010567113699918  1.351023971171465e-15  0.0001008228741331455  0.9910579933705519  0.015807484945  0.8048896665928286  0.00435351778305713  
2.08275063019051e-11  -0.009010567113699968  1.474203657808879e-15  0.0001041058649779842  0.9910602144593045  0.015807484945  0.8048907533998862  0.004494554629368557  
2.201331107493033e-11  -0.009010567113699955  1.608614259310778e-15  0.0001074957536785807  0.9910625075025554  0.015807484945  0.8048918789591063  0.004640160381921072  
2.326662911331458e-11  -0.009010567113699908  1.755279754972238e-15  0.0001109960208592864  0.9910648748313461  0.015807484945  0.8048930447589255  0.004790483032963529  
2.459130425468052e-11  -0.009010567113699913  1.915317485458259e-15  0.0001146102604716816  0.9910673188522343  0.015807484945  0.8048942523512884  0.004945675366467671  
2.599139918382938e-11  -0.009010567113699939  2.089946665031835e-15  0.000118342183484353  0.991069842049741  0.015807484945  0.8048955033551815  0.005105895112789328  
2.747120789270814e-11  -0.009010567113699996  2.28049766988507e-15  0.0001221956216928068  0.9910724469888758  0.015807484945  0.8048967994590425  0.00527130510860452  
2.903526884977814e-11  -0.009010567113699963  2.488422173334271e-15  0.0001261745316534203  0.9910751363177444  0.015807484945  0.8048981424249358  0.005442073461987216  
3.068837891917639e-11  -0.009010567113699942  2.715304205092096e-15  0.0001302829987454766  0.9910779127702406  0.015807484945  0.8048995340914444  0.005618373722733223  
3.243560807235805e-11  -0.009010567113699913  2.962872218869439e-15  0.000134525241365449  0.9910807791688258  0.015807484945  0.8049009763780849  0.005800385058059741  
3.428231493733974e-11  -0.009010567113699916  3.233012260241617e-15  0.0001389056152578422  0.9910837384273976  0.015807484945  0.8049024712886864  0.005988292434230637  
3.62341632332315e-11  -0.009010567113699946  3.527782335095408e-15  0.0001434286179870343  0.9910867935542528  0.015807484945  0.8049040209161742  0.006182286803739359  
3.829713914046293e-11  -0.009010567113699989  3.849428088120274e-15  0.0001480988935547151  0.9910899476551448  0.015807484945  0.8049056274467976  0.006382565298439709  
4.047756965997331e-11  -0.009010567113699984  4.200399910786577e-15  0.000152921237167652  0.9910932039364414  0.015807484945  0.804907293164819  0.00658933142932702  
4.278214201767622e-11  -0.009010567113699942  4.583371609145025e-15  0.0001579006001606887  0.9910965657083839  0.015807484945  0.8049090204574115  0.006802795292042426  
4.521792417370702e-11  -0.009010567113699942  5.001260773663519e-15  0.0001630420950800202  0.9911000363884522  0.015807484945  0.804910811819894  0.007023173779536659  
4.779238649935595e-11  -0.009010567113699925  5.45725100628514e-15  0.00016835100093197  0.9911036195048394  0.015807484945  0.8049126698614206  0.007250690801175788  
5.051342468816756e-11  -0.009010567113699981  5.954816174039369e-15  0.0001738327686026524  0.9911073187000377  0.015807484945  0.8049145973105513  0.007485577509033515  
5.338938397147339e-11  -0.00901056711369996  6.49774687397769e-15  0.0001794930264540875  0.991111137734542  0.015807484945  0.8049165970220842  0.007728072531219167  
5.642908471262542e-11  -0.009010567113699996  7.090179311051219e-15  0.0001853375861025105  0.9911150804906721  0.015807484945  0.8049186719825988  0.007978422212798458  
5.96418494584246e-11  -0.009010567113699986  7.736626808930234e-15  0.000191372448384807  0.9911191509765199  0.015807484945  0.804920825318104  0.008236880864379082  
6.303753153071268e-11  -0.009010567113699915  8.442014193824895e-15  0.0001976038095192039  0.9911233533300235  0.015807484945  0.8049230603011335  0.008503711018410555  
6.662654524581163e-11  -0.009010567113699956  9.211715313252371e-15  0.0002040380674665331  0.9911276918231737  0.015807484945  0.8049253803580523  0.008779183693811208  
7.041989785449295e-11  -0.009010567113699941  1.005159397557959e-14  0.0002106818284986005  0.9911321708663572  0.015807484945  0.8049277890781398  0.009063578668931264  
7.442922330043757e-11  -0.009010567113699977  1.096804862223165e-14  0.0002175419139804092  0.9911367950128395  0.015807484945  0.8049302902211459  0.009357184763109431  
7.866681790071574e-11  -0.009010567113699984  1.196806107289079e-14  0.0002246253673731875  0.9911415689633941  0.015807484945  0.804932887727276  0.009660300127078735  
8.314567805772047e-11  -0.009010567113699955  1.305924971504184e-14  0.0002319394614654208  0.9911464975710811  0.015807484945  0.8049355857263499  0.00997323254273331  
8.787954011821329e-11  -0.009010567113699944  1.424992754307762e-14  0.0002394917058393054  0.9911515858461802  0.015807484945  0.8049383885480953  0.01029629973207156  
9.288292250172499e-11  -0.009010567113700003  1.554916548912246e-14  0.0002472898545802865  0.9911568389612847  0.015807484945  0.8049413007330246  0.01062982967598548  
9.817117022752183e-11  -0.009010567113699915  1.696686152804811e-14  0.0002553419142376045  0.9911622622565595  0.015807484945  0.8049443270442492  0.01097416094303458  
1.037605019766914e-10  -0.009007843220299077  1.843596696639176e-14  0.0002553367956495568  0.9911698348615835  0.01585148231272934  0.808350854275904  0.0114068422758904  
1.09668059833687e-10  -0.009001677668846431  1.992822330426083e-14  0.000249633455365481  0.9911800363446456  0.01594949100333209  0.8160049833961162  0.01197129595966257  
1.159119618598886e-10  -0.008993444641931195  2.147796988697185e-14  0.000248146305555569  0.9911918509008441  0.01607686285140964  0.8261138469605361  0.01266390551731109  
1.225113576604118e-10  -0.008984351737022531  2.312303881789186e-14  0.00025089005658153  0.9912043902642047  0.01621447954972605  0.8371359547312345  0.01347924411597688  
1.294864871145902e-10  -0.008974986722693477  2.48874735236918e-14  0.0002550748778753372  0.9912172145955929  0.01635557766599592  0.8483377024146325  0.01442608034742401  
1.368587424502521e-10  -0.00896542317452028  2.678632970241093e-14  0.0002601482530122592  0.9912302992851695  0.01649919930713225  0.859625796885147  0.015543627724869  
1.446507338521647e-10  -0.008955637721962896  2.883539790212518e-14  0.000265651039001165  0.9912437072598026  0.01664415058736409  0.871023905951119  0.01689841772729181  
1.52886358805873e-10  -0.008945612232636607  3.104327962812483e-14  0.0002703514968615859  0.991257435834376  0.0167896875192154  0.8825484291278064  0.01859039811715171  
1.615908753895922e-10  -0.008935360946646922  3.341636326715182e-14  0.0002749871043450956  0.9912714351560822  0.01693617275462605  0.8941783832348448  0.02078563129289467  
1.70790979738943e-10  -0.008924903727546889  3.597114388173882e-14  0.0002804752532990019  0.9912857112823132  0.01708578264880799  0.905887586433693  0.02380677312199988  
1.80514887922111e-10  -0.008914245467677018  3.872530511103378e-14  0.0002858317864332223  0.9913002814644603  0.01723840504154344  0.9176676054515976  0.02837434120077333  
1.907924224765265e-10  -0.008903378307901512  4.168749052733176e-14  0.0002905579842628199  0.9913151182654226  0.0173898531914866  0.9295242265670625  0.03658256894034906  
2.016551038724744e-10  -0.008892276700285754  4.487043385768669e-14  0.0002956555876709992  0.9913302340767589  0.01754007866004723  0.9414818629021499  0.05971395229978038  
2.131362471841442e-10  -0.008880869312860333  4.829996875706217e-14  0.0003018399454274065  0.9913457461474153  0.01769473708402071  0.9536120524693036  0.3125949504891148  
2.252710642645974e-10  -0.008869077242931133  5.200177410842006e-14  0.0003081463306599475  0.9913617636521398  0.01785438763283789  0.9659905431996484  0.5760449299485306  
2.380967717380358e-10  -0.008856921687988698  5.599189374161063e-14  0.0003138940997251459  0.9913782427509614  0.01801401945325076  0.9785860267387554  0.7591529120970759  
2.516527051405389e-10  -0.008844483871667554  6.028554375844761e-14  0.0003194964616890108  0.9913950746251298  0.01817365387501232  0.9913076357002069  0.909320796520891  
2.659804395593764e-10  -0.008831806097523046  6.490476516616723e-14  0.000325313376077226  0.9914122147232324  0.01833676610273176  1.00410809217236  1.040367064952071  
2.811239171408467e-10  -0.0088188873630259  6.987779083433197e-14  0.0003314580513411829  0.9914296784350927  0.018501756490044  1.016985371442565  1.158775854002795  
2.971295818577334e-10  -0.008805718577407544  7.523268417862883e-14  0.0003375034243091407  0.9914474796524969  0.01866571104593122  1.029945440480604  1.268153964205314  
3.140465219496749e-10  -0.00879230392141013  8.099000765491598e-14  0.0003430934525569581  0.9914655878302708  0.0188305996338786  1.042981135030349  1.370629696494231  
3.319266204733183e-10  -0.008778645224116678  8.71763839344933e-14  0.0003490543461812201  0.9914839922944113  0.01899884058114299  1.056087870927101  1.46763466461413  
3.508247144239781e-10  -0.00876473342239743  9.383872380121186e-14  0.0003560315472836843  0.9915027469458408  0.01916911797156365  1.069271524655579  1.560246698356501  
3.707987629168173e-10  -0.00875056324053136  1.010172522019171e-13  0.0003625279524561566  0.9915218682298632  0.01933922930297057  1.0825341459795  1.64923728476663  
3.919100249433402e-10  -0.008736133748376647  1.087291638287857e-13  0.0003679372412520157  0.9915413002464402  0.01950844264175763  1.095873687756016  1.735168530092344  
4.142232472483906e-10  -0.008721442987347311  1.170104794910444e-13  0.0003744507418428531  0.9915610386943746  0.01967885383387743  1.109289111926331  1.818484541558057  
4.378068629038175e-10  -0.008706490878505786  1.259295262055951e-13  0.000381876234211651  0.9915811462895604  0.01985360235165524  1.12277770881323  1.899529312419692  
4.627332011878694e-10  -0.008691274102890391  1.355350445549837e-13  0.0003884739255898081  0.9916016269558775  0.02003037644352723  1.136339764345973  1.978598457738418  
4.890787094139589e-10  -0.008675786822619319  1.458527863719513e-13  0.0003946521629791482  0.9916224326327864  0.02020441639580659  1.149977759451201  2.055948326837146  
5.169241873891593e-10  -0.008660027817852984  1.569372709864997e-13  0.0004015724772616018  0.9916435704172754  0.02037854761611813  1.163690031827793  2.131771516230412  
5.463550352214865e-10  -0.008643994355559619  1.688659586638708e-13  0.0004090176582931718  0.9916650829801977  0.02055766117636238  1.177476260430918  2.206237509307038  
5.774615152359825e-10  -0.008627681965908187  1.817005247130397e-13  0.0004160492845654652  0.9916869719459439  0.02073846488192849  1.191337604634223  2.27949878234998  
6.103390288028621e-10  -0.008611095776958944  1.954926363886801e-13  0.0004228544603932166  0.991709205935963  0.02091691278019104  1.205267150832403  2.351645749418677  
6.450884089267712e-10  -0.008594251694959532  2.10301419568092e-13  0.0004295313500291754  0.9917317523327953  0.02109621436791849  1.219249391075528  2.42271160887451  
6.818162294944493e-10  -0.008577165518121084  2.261997255077362e-13  0.0004363346075444622  0.9917545950292561  0.0212785321760531  1.233269596840734  2.492724747933257  
7.20635132129306e-10  -0.008559830674900133  2.432849034120736e-13  0.0004438748864642972  0.9917777672197421  0.02146017582291038  1.247331732949718  2.561797010806027  
7.616641716552892e-10  -0.008542225869068176  2.61646781355211e-13  0.0004511144862475294  0.991801294006347  0.02164003650222922  1.261451337113726  2.630083840119895  
8.050291812295973e-10  -0.008524334187263458  2.813498707050755e-13  0.0004576170437714764  0.9918251560886981  0.02182171146046595  1.27563981401259  2.697707907073929  
8.508631582640564e-10  -0.008506124221056788  3.024891778714039e-13  0.0004647508320589484  0.9918493843879757  0.02200597532101407  1.289919340940364  2.764832015614891  
8.993066723187633e-10  -0.008487493580752358  3.25157000728878e-13  0.0004709091414371869  0.9918740705116061  0.0221887310646851  1.304365856593664  2.831855623927141  
9.505082962189511e-10  -0.008468329328630309  3.493572987203323e-13  0.0004742674021279813  0.9918992185403468  0.02236577725128715  1.31906001519572  2.899178062987991  
1.00462506171734e-09  -0.008448688125238819  3.751507175682529e-13  0.0004792477791720382  0.991924735485085  0.02253818304258262  1.333950856150836  2.966586481203545  
1.061822941099382e-09  -0.008428704955273541  4.027726797835386e-13  0.0004869130938127103  0.9919506169299426  0.02271189444320507  1.348931055969696  3.033626408493276  
1.12227735620851e-09  -0.008408436598671595  4.324735128977379e-13  0.0004954308686928536  0.9919769169064181  0.02289004704057836  1.363955659909729  3.100136683711479  
1.186173716452479e-09  -0.008387881049626787  4.643756615200153e-13  0.0005029300743765362  0.9920036093830805  0.02306802711762103  1.379024642154094  3.166156912462591  
1.25370798744092e-09  -0.008367018741036516  4.986055195093703e-13  0.0005110169375149617  0.9920306859274383  0.02324369848330542  1.394150643784178  3.231777936827892  
1.325087291997951e-09  -0.008345819025881621  5.354441988785343e-13  0.0005214034353823896  0.9920582631822205  0.02342431996607145  1.409353564620367  3.297116543281366  
1.400530545393217e-09  -0.008324258497588395  5.751800560554743e-13  0.0005317909466992332  0.9920864287651403  0.02361313947997073  1.424647333576834  3.362258681242919  
1.48026912673951e-09  -0.00830234046450524  6.179604042607856e-13  0.000541006505948795  0.9921151244363685  0.02380335287520108  1.440026712632126  3.427205723670496  
1.564547588616096e-09  -0.008280068112785005  6.639231822039408e-13  0.0005497236829494649  0.9921442866253097  0.02399275043526702  1.455486766091079  3.491959314486452  
1.653624407094179e-09  -0.008257387899520238  7.133241224965584e-13  0.0005596227751661814  0.9921739821984514  0.02418693691145865  1.471061455065705  3.556681139811083  
1.747772774464684e-09  -0.008234154775765211  7.665569819257347e-13  0.0005712260607229105  0.9922044359799241  0.0243871093749678  1.48684507658614  3.621775154658357  
1.847281437099636e-09  -0.008210286384781038  8.240044627281555e-13  0.0005829117625763518  0.9922357769200189  0.02458918275315405  1.502885961505766  3.687445647756252  
1.952455581016861e-09  -0.008185886545242422  8.858342857617092e-13  0.0005924598718577557  0.9922678161122594  0.02479265135406528  1.51910723160659  3.753383978868112  
2.063617767863857e-09  -0.008161066691578608  9.522006200063446e-13  0.0006017504455478664  0.9923003562690271  0.02500006230127526  1.5354302226984  3.819282781924849  
2.181108924191516e-09  -0.008135853668913291  1.0235314247252e-12  0.0006126798196755637  0.992333417449724  0.02521073013185625  1.551834209355397  3.885074019293202  
2.305289387051711e-09  -0.008110245800468669  1.10030644210957e-12  0.0006234431969516313  0.9923670506501591  0.02542186861055882  1.568317585189431  3.950766759248212  
2.436540009125466e-09  -0.008084242512916074  1.182736161019145e-12  0.0006324715118746527  0.9924011737562974  0.02563158355322075  1.584878241327018  4.016367322827842  
2.575263326771199e-09  -0.008057840379673007  1.271099911050463e-12  0.0006418791226633518  0.992435740178803  0.02584123193017217  1.601515907270519  4.081888526441216  
2.721884794575185e-09  -0.008031035999966825  1.366068655788779e-12  0.0006535726477348311  0.9924708473488477  0.02605536494031124  1.61823012927556  4.147341598031531  
2.876854090190597e-09  -0.00800383029844854  1.468232703030771e-12  0.0006645765892183679  0.9925065302054217  0.02627323822647428  1.635017859382619  4.212726979114  
3.040646493467069e-09  -0.007976226180914836  1.577839868779269e-12  0.0006735115296519841  0.9925426897378443  0.02648806801360198  1.651875118103153  4.278041091651298  
3.213764344100276e-09  -0.007948232732975121  1.695309519483487e-12  0.0006835835440923227  0.9925792824604135  0.02670049415697662  1.668794294735103  4.343265997214851  
3.396738582272203e-09  -0.007919860420914002  1.821408470010653e-12  0.0006947352790528369  0.9926163623191923  0.02691762556311712  1.685767131611321  4.40838116016173  
3.590130377007076e-09  -0.007891105841065758  1.956814965041848e-12  0.0007052422449265884  0.9926539481707813  0.02713769048598104  1.702793928637702  4.473398623116693  
3.794532847236942e-09  -0.007861953567201586  2.102021033585966e-12  0.0007150908556771308  0.9926920068590777  0.02735400976808155  1.719882068523559  4.53835668537209  
4.010572880855496e-09  -0.007832355494637828  2.257456804788236e-12  0.0007236139386798228  0.9927305209002942  0.02756831161827865  1.737057545757462  4.603362902692965  
4.238913057338791e-09  -0.007802204166817529  2.423449068829207e-12  0.0007299723773451381  0.9927695105713825  0.02778330538801085  1.754379305909006  4.668646654145744  
4.480253679829499e-09  -0.007771466308850045  2.600628846024412e-12  0.0007381227326531069  0.992808998332635  0.02799408413803605  1.771861826493805  4.734266767312189  
4.735334922917121e-09  -0.007740262077058795  2.790059923250578e-12  0.0007470938389093658  0.9928489380468327  0.02819840025904848  1.789432818286391  4.799957259427725  
5.004939102700954e-09  -0.007708691687124659  2.992619814694801e-12  0.0007555413779508227  0.9928892416250069  0.02840187225376356  1.807033960767008  4.865508068541424  
5.289893076098146e-09  -0.007676756587176951  3.209552354906761e-12  0.0007675847641126424  0.992929976348392  0.02860964901581173  1.824663413304497  4.930921156967514  
5.591070776755281e-09  -0.007644398928494844  3.443051537069492e-12  0.0007830341202837111  0.9929714136187875  0.02882233399709047  1.842351451131732  4.996316607003864  
5.909395895340953e-09  -0.007611578381689792  3.69465149706115e-12  0.0007967051700729761  0.993013638063865  0.02903781367160631  1.860117964286412  5.061774396911481  
6.245844712439618e-09  -0.00757829865933748  3.964626640830273e-12  0.0008078509712728396  0.9930564636223654  0.02925347159177262  1.877958908389011  5.127285534033469  
6.601449092734883e-09  -0.007544516930423951  4.254273711537333e-12  0.0008217698431446886  0.9930999285014463  0.0294724121570033  1.895894736959504  5.192930422929039  
6.977299649665552e-09  -0.007510012767001129  4.566502036263388e-12  0.0008394817381138236  0.9931444670841663  0.02970104100652137  1.914037774117136  5.259122890911712  
7.374549090259561e-09  -0.00747452797085777  4.90363488761253e-12  0.0008568722354809889  0.9931904123295722  0.02993688841856176  1.93251580634554  5.326327769502096  
7.794415750404951e-09  -0.007438143375582234  5.266526150343843e-12  0.0008714583236111929  0.9932375360234889  0.0301724921198671  1.951277802444959  5.394356956456797  
8.238187331399602e-09  -0.007401091766299872  5.656558603554529e-12  0.0008864513730284309  0.9932855348392878  0.03041105840018697  1.970197156509324  5.462751925508036  
8.707224849239903e-09  -0.007363468788464832  6.076032679635652e-12  0.0009020096982093661  0.9933343462771661  0.0306576774073926  1.989220982249025  5.53132489065324  
9.202966808760391e-09  -0.007325278629588402  6.526976897980112e-12  0.0009170142109524923  0.9933839466706449  0.03090591841241048  2.008344109655709  5.600061417166046  
9.726933615426179e-09  -0.007286509682503935  7.01129846923803e-12  0.000931686770878563  0.9934343031395471  0.03115156810118988  2.027569399707101  5.668975868325381  
1.028073223830865e-08  -0.007247156701381667  7.531326405303941e-12  0.0009464613828906777  0.9934854104184233  0.0314012459584134  2.046896418093135  5.738070563924761  
1.086606113854596e-08  -0.007207216858520856  8.090076226774862e-12  0.0009627711910357352  0.9935373101714327  0.03165735340688422  2.066323465755901  5.807343175087796  
1.148471547840287e-08  -0.00716667795423693  8.690990247375068e-12  0.0009796989956594934  0.9935900661082275  0.03191331025642422  2.085853357332849  5.876807325342956  
1.213859262690626e-08  -0.007125529901000333  9.336640681721541e-12  0.0009945679094539035  0.9936436400488196  0.03216758964492709  2.105487961247009  5.946473078995871  
1.282969797894147e-08  -0.007083774735987996  1.002903205152752e-11  0.001009150747382171  0.9936979297178494  0.032425452036034  2.125223455983578  6.016330208044977  
1.356015110565632e-08  -0.007041411484683951  1.077233755951688e-11  0.001026433353950299  0.9937529998368111  0.03268843159880012  2.145057242797281  6.086372762806683  
1.433219225503571e-08  -0.006998416076959119  1.157196841857046e-11  0.001044270428272284  0.9938089948349692  0.03295345997366141  2.164997351733052  6.156632157184339  
1.514818922258344e-08  -0.006954685928754086  1.242990119715318e-11  0.001057410153119269  0.9938658676710532  0.03321618621795135  2.185087974175566  6.227266518810967  
1.601064461318318e-08  -0.006910032411247817  1.334626494935525e-11  0.001068238602411854  0.9939235545723997  0.03347463413984354  2.205410902422226  6.298564367906158  
1.692220351641035e-08  -0.00686442347269329  1.432605118716945e-11  0.001082473089189444  0.9939821596081257  0.03373406014509638  2.225973840473979  6.370552607048078  
1.788566161883458e-08  -0.006818060630209993  1.537728222165229e-11  0.001099305621496967  0.994041694102344  0.03399800256525078  2.246679848912327  6.442892699766293  
1.890397377819219e-08  -0.00677109293075025  1.650418659415077e-11  0.001113723567747179  0.9941019608931601  0.03425886098784792  2.267459200171359  6.515343701636495  
1.998026308572551e-08  -0.006723587139808938  1.770928455760479e-11  0.001125448567466878  0.9941627517678232  0.03451293450565825  2.288280886422157  6.587801126549016  
2.111783044448242e-08  -0.006675630039689402  1.899701974643795e-11  0.001138252010821718  0.9942239424706771  0.03476758546058935  2.309106165620417  6.660134302234221  
2.23201646929523e-08  -0.006627255538563194  2.037366840606516e-11  0.001152063898150208  0.9942855364899158  0.03502406636528604  2.329920223166026  6.732296240703999  
2.359095330508634e-08  -0.006578381181133448  2.184670999928411e-11  0.001166272196613423  0.9943476818616251  0.03527533690653913  2.350758167060427  6.80441274668726  
2.49340936995188e-08  -0.006528748730260967  2.342368771396356e-11  0.001181620932905671  0.9944106753368915  0.03552334668660331  2.371727937088013  6.876860029144189  
2.635370519267393e-08  -0.006477856897822795  2.511233315225554e-11  0.001197595036257829  0.9944750388323471  0.03577661883745881  2.393035077843679  6.950348042337302  
2.785414163241763e-08  -0.006425474567102155  2.692202560087896e-11  0.001214833259900011  0.9945410612521006  0.03603316060564711  2.41476580610344  7.025171467227322  
2.944000475100034e-08  -0.006371999220173376  2.886376789980539e-11  0.00123395999047747  0.9946084275203768  0.03628681282672085  2.436745372733662  7.100726762229067  
3.111615827824363e-08  -0.006317814009563031  3.094934702707772e-11  0.001254662951218092  0.9946768250699251  0.03654292172649006  2.458811098529082  7.176455795150802  
3.28877428582551e-08  -0.006262997077879593  3.319218303313421e-11  0.001277451132303338  0.9947462598716226  0.03680943902774681  2.480928833591928  7.252244046787627  
3.476019181541974e-08  -0.006207547477760765  3.560577065032713e-11  0.001300207377409961  0.9948167785915371  0.03708345371845191  2.503097258277942  7.328089873023139  
3.673924781802074e-08  -0.006151472382748584  3.81990519337969e-11  0.001319714989707074  0.9948882618035093  0.03735747213799464  2.525312269119857  7.403982075514487  
3.883098049059609e-08  -0.006094700458418427  4.097609264379221e-11  0.001335535035643582  0.9949605418281809  0.03762754389592761  2.547600982716571  7.4800158850743  
4.104180502904709e-08  -0.006036942143736726  4.395272670214659e-11  0.001358420878178237  0.9950339836274626  0.03789934319883793  2.570073470439364  7.556568252796083  
4.337850187558985e-08  -0.005977851886113278  4.716061685948929e-11  0.001386974444685506  0.9951093368092166  0.03818428749738451  2.592856532751701  7.634070814758621  
4.584823751389096e-08  -0.005917489531290771  5.0618166554552e-11  0.001411008324012682  0.9951865478166927  0.03847909486683484  2.61591882565979  7.712416062115754  
4.8458586448165e-08  -0.005856171246098534  5.432751701742994e-11  0.001430278390794635  0.9952649410479124  0.03876996127078805  2.639134187414736  7.791175713604724  
5.121755443364241e-08  -0.005794065220026089  5.830206564637305e-11  0.001451317761571129  0.9953442567145346  0.03905856852091871  2.662435647837417  7.870124136090648  
5.413360302965376e-08  -0.005731195455200443  6.256815405025826e-11  0.001474457055083825  0.9954246144401059  0.03935519027998091  2.685811462831337  7.949223541125825  
5.721567555063251e-08  -0.005667543231651118  6.714862930897081e-11  0.001497157946735552  0.9955060622298373  0.0396555463508117  2.709266278423522  8.028491654549631  
6.047322449462655e-08  -0.005603103058357158  7.206102544177776e-11  0.001518593474076646  0.9955885156463504  0.03995112445522608  2.732800068001136  8.10793031668956  
6.391624053344005e-08  -0.005537888028846607  7.732509073172676e-11  0.001538854249909271  0.9956718998135918  0.04024736174491547  2.75640602334366  8.187518448665367  
6.75552831533164e-08  -0.005471898560076386  8.296593932489243e-11  0.00156074576728233  0.9957562206254594  0.04054981120582606  2.780081922740167  8.267250442046373  
7.140151304013404e-08  -0.005405075253111913  8.900792020379961e-11  0.00157974424117514  0.9958415078571615  0.04084965686557095  2.803846939920372  8.347192601148388  
7.546672630843902e-08  -0.005337239378964546  9.544408482069987e-11  0.001582095584540446  0.9959274780599583  0.04113583607306476  2.82776280441899  8.427553886187573  
7.976339067929281e-08  -0.005268268583259671  1.022433095304703e-10  0.001580568926074217  0.9960135639549478  0.04140678094671768  2.851870195927988  8.50847174300724  
8.430468371788967e-08  -0.005198401271196825  1.09435522988835e-10  0.001588803498337796  0.996099694138959  0.0416688459189845  2.876081272824866  8.589652161846296  
8.910453324821523e-08  -0.005127973900977063  1.17098777301911e-10  0.001605310329284039  0.9961861991610793  0.04192595918211729  2.900276060173669  8.670694676408683  
9.417766006869539e-08  -0.005057081500551759  1.252788069909383e-10  0.00161966604371843  0.9962731576124136  0.04217661823326455  2.924422042036012  8.751492981126583  
9.953962309984243e-08  -0.004985285661468776  1.340206651310217e-10  0.001643561627600851  0.9963611195283177  0.04242458636614448  2.948667693125085  8.832545882456859  
1.052068671023623e-07  -0.004911381273456763  1.434595714765306e-10  0.001687999064683053  0.9964522138551478  0.04269024533720962  2.973410119095031  8.915180099447705  
1.1119677311207e-07  -0.004834601586521188  1.53734219192012e-10  0.00173830631752134  0.9965479405043097  0.04298829331547602  2.998887963008136  9.000188875098461  
1.175277117462948e-07  -0.004755740383788863  1.648471549629611e-10  0.001770566884468398  0.9966468833252374  0.04330179031538847  3.024823019391051  9.086640619948152  
1.242190995452619e-07  -0.004675765051423759  1.767946704669727e-10  0.001800885868359255  0.9967474836366941  0.04361621766481953  3.050890056887413  9.173450801889679  
1.312914585212465e-07  -0.004595004879062455  1.896541443484127e-10  0.001835159808199509  0.9968495227884988  0.04394105391606346  3.076978795042248  9.260253705493481  
1.38766479098131e-07  -0.004513412220438514  2.034889661552085e-10  0.001865321679359315  0.9969530007596826  0.04427960264950703  3.103103744245151  9.347099576523515  
1.466670866343972e-07  -0.004430876482240544  2.183287421519148e-10  0.00189116572767726  0.9970577243154023  0.04461744390399811  3.12929969764142  9.434105799074505  
1.550175117335772e-07  -0.004347367194411084  2.342141030324564e-10  0.001913265175386638  0.9971635208363231  0.04494885730893525  3.155574815690759  9.52130094279565  
1.638433645577985e-07  -0.004262925807204804  2.512041087083272e-10  0.001936403232585574  0.9972702709101985  0.04528286974786837  3.181914203126691  9.608637004377998  
1.731717133723356e-07  -0.004177574040449282  2.693754957393633e-10  0.00195980798612532  0.9973779657789217  0.04561909715260291  3.20830926921925  9.696086964624614  
1.830311675620617e-07  -0.004091254146808517  2.887564383006271e-10  0.001965359034007535  0.9974863811933732  0.04594167058918248  3.234777030250352  9.783708631190683  
1.934519653744048e-07  -0.004003892857677422  3.09069737472602e-10  0.001918908547164967  0.9975937633712186  0.04622484626666194  3.261343966271029  9.871591097177062  
2.044660666579118e-07  -0.003915771581511848  3.294831511560274e-10  0.001788528060859551  0.9976956603618985  0.04641833883692577  3.28793737672364  9.959495729654481  
2.161072508808377e-07  -0.003827443538178832  3.493748031459236e-10  0.001664193561553687  0.9977892296725621  0.04649015711237024  3.314400256982309  10.04690590923788  
2.284112207303821e-07  -0.003738587651823499  3.70212083283359e-10  0.001751430000927981  0.9978822262560902  0.04654511181873897  3.34080618426542  10.13406598306757  
2.414157116103013e-07  -0.003648608715680885  3.94107559309103e-10  0.001909511551542893  0.9979838764141407  0.04670834028756521  3.367301002694827  10.22145774663882  
2.551606073727181e-07  -0.003557714876917933  4.211696250127315e-10  0.002010113556565306  0.9980928911055232  0.046964069544307  3.393824283509368  10.30888320395747  
2.696880626390692e-07  -0.00346615875005401  4.507138295807693e-10  0.002054415983795923  0.9982050825543265  0.0472582941187122  3.420315106612995  10.39614356995722  
2.850426320853432e-07  -0.003373916149584457  4.825000345205048e-10  0.002083880465767759  0.9983188132186177  0.04756558133688881  3.44678654287116  10.48328372410792  
3.012714070881158e-07  -0.003280731265244635  5.164708287692008e-10  0.002101419292637574  0.9984335729024195  0.04786596937421261  3.473314243597687  10.57055408104327  
3.18424160150465e-07  -0.003186123522471784  5.526994488965821e-10  0.002123018927001188  0.998549609873623  0.04815703613648219  3.500033097054943  10.65839903231813  
3.365534975507094e-07  -0.003089984746557386  5.914346365300846e-10  0.002150845078181883  0.9986673425159263  0.04845405307494799  3.526967524293395  10.74689894106021  
3.557150206821382e-07  -0.002992732326485704  6.329197413616204e-10  0.002178180508791765  0.9987865564427878  0.0487576403580671  3.553995532061403  10.83565333214579  
3.75967496578546e-07  -0.00289469577343261  6.772965947116899e-10  0.002202953553008749  0.9989067806863022  0.04905468517256662  3.581024399186398  10.92435875101373  
3.973730381485604e-07  -0.002795961699285261  7.246985936004441e-10  0.002226229244031284  0.9990277619156257  0.04934734045784536  3.6080308159342  11.0129400265072  
4.199972946715306e-07  -0.002696295213815281  7.753393860495827e-10  0.00225167857279989  0.9991497628343823  0.04964671167078853  3.635078675503275  11.1016078895666  
4.439096531392167e-07  -0.002594840265084675  8.295962651046828e-10  0.002287201591397004  0.999274000070416  0.04995264795704928  3.662395736991156  11.19110929889442  
4.691834510607789e-07  -0.002490913813541349  8.878923626605655e-10  0.002324934338374037  0.999401506647268  0.05026219035009355  3.690156419687129  11.28201497153878  
4.958962013837211e-07  -0.002385088990707649  9.504038819171723e-10  0.00235280506006524  0.9995314489445805  0.05057779359656484  3.718199186225355  11.37379521343151  
5.241298302206061e-07  -0.002278268915469761  1.017210162881903e-09  0.002378944450651109  0.99966249099597  0.05089905460084374  3.746281490083534  11.46565656487616  
5.539709281106401e-07  -0.002170823849628322  1.088616369479118e-09  0.00240590621474754  0.9997942907696387  0.05121975397658786  3.774305508965605  11.55728021841202  
5.855110155867232e-07  -0.002063036473107339  1.164422950298974e-09  0.002375173994885718  0.9999256928920134  0.05152186590976524  3.802202720155244  11.64844379224431  
6.188468238624383e-07  -0.001956353308135958  1.240721467691729e-09  0.002133209618572063  1.000048539372654  0.05171785028571266  3.82963178637774  11.73803499329925  
6.540805914998259e-07  -0.00185388883428185  1.306925241069442e-09  0.001619442515001219  1.000144221579104  0.05161223996482154  3.855873645046354  11.8237114166953  
6.913203779678128e-07  -0.001755354896651495  1.358510306703089e-09  0.001238432039718486  1.000209740231452  0.05117191857333322  3.88104321721924  11.90585417318347  
7.306803950529492e-07  -0.001655999576545898  1.406635565844535e-09  0.001214093140524056  1.000269104169727  0.05065683411847377  3.906281597298133  11.98818791440881  
7.722813571388642e-07  -0.001556400532620981  1.454691436746389e-09  0.001064060756062813  1.000327228307179  0.05013650868569824  3.931421196601651  12.07016614004218  
8.162508514287236e-07  -0.00146140595855364  1.494113730131717e-09  0.0007105717331902195  1.000369053057221  0.04946337464545322  3.955302592099022  12.14801237189093  
8.62723729246145e-07  -0.001372911760674911  1.521869371763356e-09  0.0004886017711292237  1.000391116885081  0.0486007953569185  3.977488699000062  12.22030784175189  
9.118425196146562e-07  -0.001289197781585435  1.543813920675599e-09  0.0004291590614141823  1.000403872992662  0.04764459266046778  3.998395798302997  12.28841354396119  
9.637578663841089e-07  -0.001207172348647526  1.567029674040709e-09  0.0004680831562548449  1.000418785507261  0.04670243883459426  4.018765253941347  12.35474686312072  
1.018628990244689e-06  -0.0011264190244665  1.592081504188305e-09  0.0004208315949826819  1.000436546019171  0.04579310098211321  4.038705129021699  12.41966148464858  
1.076624177045493e-06  -0.001051209240373624  1.613171219789965e-09  0.0003119149687491068  1.000447151333524  0.04483930288782271  4.057212089490312  12.47989458632587  
1.137921293915314e-06  -0.0009830163021625916  1.631024426721001e-09  0.000289884540007594  1.000450320463256  0.04385631358225978  4.073946254059043  12.5343443663729  
1.202708334768514e-06  -0.0009189027120643837  1.650995268091435e-09  0.000323303359748717  1.000453828498291  0.04292700688811699  4.08961470093041  12.58531459734174  
1.27118399686903e-06  -0.0008570718697971324  1.673134859008655e-09  0.0003139869469562786  1.000459130082973  0.0420446897574057  4.10466060601981  12.6342488920207  
1.343558290220826e-06  -0.0007970305297562066  1.693449897710284e-09  0.0002516729953867375  1.000463391076092  0.04116035517962023  4.119222054833307  12.68159779015907  
1.420053181653682e-06  -0.0007368007845511481  1.712322844286314e-09  0.0002781765713737644  1.000469015213334  0.04029205871627693  4.133771972653502  12.72889957694476  
1.500903275579734e-06  -0.0006735625563161513  1.740097955090982e-09  0.0004113287021181314  1.000485804595054  0.03955494717047638  4.148948266562413  12.77822716270676  
1.586356533508593e-06  -0.0006089085754498772  1.779797103698252e-09  0.0004978164619344042  1.000513031584977  0.03897036344130109  4.164364592636272  12.8283241539519  
1.676675034527701e-06  -0.000546585491057361  1.827044246186536e-09  0.0005436932447776432  1.000543097487792  0.03847788007132278  4.179154394963053  12.87637539682485  
1.772135779080358e-06  -0.0004871147865896464  1.88076282401935e-09  0.0005817687129779654  1.00057418246062  0.03805497048028266  4.193207627703923  12.92202484042132  
1.873031538506442e-06  -0.000429192962308037  1.940423647064973e-09  0.0005913169010935804  1.000606787269297  0.03768625931560089  4.206838910115864  12.96629562100581  
1.979671752951336e-06  -0.0003742957822616736  1.999967729931111e-09  0.0005051333793839568  1.000635956410785  0.03730263677528916  4.219723987821045  13.00813588538485  
2.092383480396979e-06  -0.0003273150004240253  2.048704799159487e-09  0.0003556310868458819  1.000651809915421  0.036798761015592  4.230757439749537  13.04395847052069  
2.211512399725489e-06  -0.0002909558494461549  2.087283106159146e-09  0.000333423210822617  1.000652870242787  0.03617863121438303  4.239323628787574  13.07176748062005  
2.337423870891812e-06  -0.0002583125088945233  2.144359934313718e-09  0.0005966773662389889  1.000659090603574  0.03569524391085492  4.246977467722459  13.09661192827646  
2.470504055456831e-06  -0.0002223809675567896  2.237808974068688e-09  0.0007910024341299335  1.000683429718779  0.03549162093524856  4.255312510840948  13.12366427672892  
2.611161100917462e-06  -0.0001839492603764794  2.355804286245356e-09  0.000871858244722542  1.000718256385004  0.03544962814082456  4.264171734042828  13.1524145706628  
2.759826392466181e-06  -0.0001439314805512127  2.49152013280329e-09  0.0009590149322940983  1.000758849991358  0.03549519215312567  4.273357773973247  13.18222203123154  
2.916955876018805e-06  -0.0001010890768429742  2.649821118776529e-09  0.001062797027932415  1.000807330944372  0.03564194470132217  4.283147804020575  13.21398553401859  
3.083031456568283e-06  -5.322484033923802e-05  2.839383650879259e-09  0.001226119512357884  1.000867746512331  0.03592865189081643  4.294030609233469  13.24928991280902  
3.25856247615323e-06  4.273043468858563e-06  3.079795110183793e-09  0.00150355677848853  1.000949412236816  0.03644901223290727  4.307025739239578  13.29144045669099  
3.444087275973823e-06  6.832602773487913e-05  3.365242319027965e-09  0.001510818784591903  1.001045433182511  0.03711291421736887  4.32143043531429  13.33815525380411  
3.640174847446138e-06  0.0001231365881860318  3.632113588597104e-09  0.001209069552596521  1.001120922063009  0.03754919153458852  4.333743605365814  13.37808114842534  
3.847426577258514e-06  0.0001624508260761506  3.848172019898086e-09  0.0009251496369972059  1.001162644577048  0.03763925950293528  4.34260585074558  13.4068141999702  
4.066478091781862e-06  0.0001939728581689688  4.045309132610961e-09  0.0009020242061943641  1.001188767135012  0.03758418637456988  4.349729466238413  13.42990841490211  
4.298001206490799e-06  0.0002269391121636462  4.265779718909408e-09  0.001006588943690904  1.001219442258153  0.03759260658230845  4.357151885938707  13.45396920158385  
4.542705986374062e-06  0.0002651185374793205  4.528595597997409e-09  0.001133139883743448  1.001262012373792  0.0377313637115826  4.365700846300353  13.48167905207032  
4.801342923653445e-06  0.0003075440518506621  4.831285151313766e-09  0.001205400102764338  1.001313780271204  0.03795771816991574  4.375160201751909  13.51233648891541  
5.074705239490456e-06  0.0003523032233588652  5.167502816542218e-09  0.001249574459597944  1.001370589522301  0.03822207653032951  4.385106467648667  13.54456838124439  
5.363631316739246e-06  0.000397863176844693  5.532840049474036e-09  0.001277065626590094  1.001429410597378  0.03849966985510006  4.395201311753941  13.57727804937494  
5.669007271207434e-06  0.0004437344885201541  5.926418188679609e-09  0.001300582995573423  1.001489141189404  0.03879939592337502  4.405337575905542  13.61011821444721  
5.991769669310613e-06  0.0004900775831339949  6.350645439332147e-09  0.001329147423098097  1.001549972370455  0.03914544665461382  4.415550294942057  13.64320234745956  
6.332908400455101e-06  0.0005369607792734634  6.810867907661382e-09  0.001371362706727616  1.001612433133677  0.03954420118704941  4.425851899540401  13.67657063826022  
6.69346971295864e-06  0.0005844636186321647  7.313408533932807e-09  0.001417153364950598  1.001677082073269  0.03997568454711045  4.436257035580399  13.71027043195298  
7.074559422819878e-06  0.0006329101679991712  7.861975873780666e-09  0.001460409164183817  1.001744212710518  0.04039398609329894  4.446836157522434  13.74452979389688  
7.477346305177581e-06  0.000682512828298592  8.458102842573249e-09  0.001497349744695545  1.001813676545661  0.04077643453897052  4.457635975528615  13.77949981570995  
7.903065678861332e-06  0.0007329245855525394  9.101841576218452e-09  0.001524943716585787  1.001884609507084  0.04115576486495111  4.468581102040892  13.81493623008033  
8.353023195026787e-06  0.0007831953881161995  9.79293726290921e-09  0.001546081593483684  1.001955577774022  0.04156063311846406  4.479465319203596  13.85017136426401  
8.828598841495151e-06  0.000832077970620303  1.05320669409298e-08  0.001562013067693048  1.002025026832611  0.0419864589747995  4.490019163925925  13.88433313198716  
9.33125117507824e-06  0.0008797813874626408  1.132456115095801e-08  0.001595331568914263  1.002093397968828  0.04242331730934639  4.500289451135504  13.91757342023584  
9.862521794868764e-06  0.0009304238534308151  1.219226929197936e-08  0.001681850536639946  1.002166646144805  0.04288439382350152  4.511161266934117  13.95275670930021  
1.042404007021554e-05  0.0009924284891924004  1.318423409970212e-08  0.001867225101374119  1.002257219684439  0.04342382386105787  4.524428931038797  13.99568806682023  
1.101752813788387e-05  0.001070342940532546  1.434003709422402e-08  0.002027340328256094  1.002371908674222  0.04407238797266141  4.541036119204665  14.04941721406172  
1.164480618372685e-05  0.001158382372151332  1.564472792131646e-08  0.002122516160711328  1.002501876430745  0.04477705703854788  4.559718986558586  14.10985104318669  
1.230779802506663e-05  0.001249743277926725  1.707063550319741e-08  0.002170966546368026  1.00263672049907  0.04548181852823813  4.579017366743146  14.1722640970389  
1.300853701090573e-05  0.001340345420072061  1.860518604916705e-08  0.002201737370442034  1.00277057435616  0.04617293586636013  4.598066001713997  14.23385784779813  
1.37491722580642e-05  0.001427548567260663  2.024422143615223e-08  0.002223634073389549  1.002899944218154  0.0468502983275921  4.616314940294065  14.29285509208148  
1.453197524236895e-05  0.001511430428748662  2.199529782502538e-08  0.00225847972916869  1.003025009791374  0.04751099207285917  4.633790371444864  14.34934196382494  
1.535934676510895e-05  0.001599473237586736  2.390417853681572e-08  0.002379758969240786  1.003155801049074  0.04817458631422712  4.652056167523329  14.40837361803873  
1.623382431612275e-05  0.001712467476148296  2.609415223495241e-08  0.002660447149988747  1.003319861502769  0.04889886381699189  4.6753999617438  14.48380193594157  
1.715808985610007e-05  0.001891068327150951  2.881130766630272e-08  0.003228971061934312  1.003570235874817  0.04975988405371581  4.712078217550677  14.6022842728227  
1.813497804196495e-05  0.002186688100316757  3.241307078466181e-08  0.004070520513735202  1.003974011509789  0.05081392200168683  4.772153314694132  14.796262467307  
1.916748492056813e-05  0.002551099915175346  3.672398572935487e-08  0.004105335541129441  1.004467052158338  0.05189244881602931  4.845096967364804  15.03165774919761  
2.025877711735021e-05  0.002827585884131414  4.072102452719771e-08  0.003246707120911867  1.00483762944655  0.05264876534537265  4.899655175655649  15.20762905943143  
2.141220154815732e-05  0.002960961314681909  4.389990671108861e-08  0.002442094457724556  1.005011189854347  0.05303189099428157  4.92576041208413  15.2918016240238  
2.26312956839953e-05  0.003020885684253525  4.674238342126441e-08  0.002252859422571006  1.005086272663149  0.05327365931070283  4.937454284105478  15.32950137709242  
2.391979840020237e-05  0.003047320557923502  4.956473336407795e-08  0.002136877282629334  1.00511944225957  0.05349100865062741  4.942602945597697  15.34609900444517  
2.528166144331495e-05  0.003043145226515515  5.23691319691961e-08  0.001995721304079857  1.005114572853478  0.05367484614727056  4.941788229151342  15.34347264676661  
2.672106155079438e-05  0.003022660540245012  5.522505661060238e-08  0.002007190016088563  1.005089384442872  0.05382212251743453  4.937795634930961  15.33060175920616  
2.824241326078436e-05  0.00303849916176869  5.848901853420769e-08  0.002305953593154594  1.005109463069638  0.05399313332826629  4.940879910142111  15.3405445128238  
2.985038245118729e-05  0.003149265794990849  6.259894872913472e-08  0.00276192921639081  1.005246356136513  0.05424956573854005  4.962408561358576  15.4099398370239  
3.154990064958095e-05  0.003330443266514833  6.743364842087585e-08  0.002879410212927532  1.005467808108637  0.05455267735281709  4.997414832218918  15.52275464430442  
3.334618015786369e-05  0.003506756900818108  7.251053356226975e-08  0.002767288401593472  1.005681234853585  0.05485430811643277  5.031234709859259  15.63171809515213  
3.524473003801588e-05  0.003644647402602529  7.75957182930678e-08  0.002610467151878662  1.005846273523993  0.05514919363868487  5.057520706396044  15.71638972886868  
3.72513730080021e-05  0.003760214830475777  8.281602386804619e-08  0.002618949462667348  1.005983381849051  0.0554468775270907  5.079442318502278  15.78699071780719  
3.937226329963476e-05  0.003873864572336285  8.856639407096058e-08  0.002818536660364448  1.00612332616404  0.05581845874755257  5.100872007155981  15.85599651903991  
4.161390553316716e-05  0.003994298417282124  9.522087267625283e-08  0.003099429140380403  1.006282496832121  0.05633534883439623  5.123414780186016  15.92857483028948  
4.398317466650229e-05  0.004121252350513627  1.027600224551692e-07  0.003255825694197851  1.006457600811814  0.05696669992660695  5.147019175636952  16.00455861041121  
4.648733708020257e-05  0.004253385604835408  1.110911186688136e-07  0.003402382706825528  1.006643092687372  0.05767075838741519  5.171439994752665  16.08315743427141  
4.913407286296377e-05  0.004393360024621084  1.204016484224696e-07  0.00363706893551418  1.006843831589604  0.05846660803866355  5.197145245624597  16.16587603750931  
5.193149936590223e-05  0.00454032212988646  1.307494500821751e-07  0.003712532898242463  1.007058051286153  0.05935894610221534  5.223959889657403  16.25214940861746  
5.488819609789677e-05  0.004681659852424564  1.414795307014837e-07  0.003546675606215513  1.007259254686278  0.06027522312059223  5.249627018275666  16.3347168397321  
5.801323103833378e-05  0.004815235320606241  1.524652965253945e-07  0.003565997244088777  1.007443347801096  0.06122055497534484  5.273787070527452  16.4124240660048  
6.131618844795769e-05  0.004955003400610503  1.646530929336845e-07  0.003829191417405557  1.00764031534027  0.06229498114770063  5.298909263126231  16.4932130182825  
6.480719826311985e-05  0.005104283536853573  1.784384083332532e-07  0.004050250938966946  1.007857656821235  0.06352600419614463  5.32555293779795  16.57888058145507  
6.849696716357453e-05  0.00525858681565316  1.937221341424953e-07  0.004232943424063517  1.00808677238597  0.06490022137513553  5.352907879553887  16.66682021600112  
7.239681140910877e-05  0.005417022891244678  2.106087518023416e-07  0.004436495088309273  1.008326111671581  0.0664129691905241  5.380805166173454  16.75648810491799  
7.651869154570849e-05  0.00558134513320644  2.293879043083787e-07  0.004674468415129176  1.008579147365245  0.06806139790162925  5.409535012765727  16.84881613771471  
8.087524908770474e-05  0.005751993213329695  2.503345719056285e-07  0.004949508334711386  1.008847310689683  0.06984709536956554  5.439152345874447  16.94397962510496  
8.547984528840423e-05  0.005930089746587408  2.739064373127739e-07  0.005333929485246329  1.009134429160032  0.07175877488643295  5.469819492775563  17.0424986759124  
9.034660211810534e-05  0.006116431047634283  3.012983301154079e-07  0.005927707200203154  1.009451347060541  0.07373438502109041  5.501593230819585  17.14455359204635  
9.549044557518078e-05  0.006297084447003  3.330733110759773e-07  0.006293604297854784  1.009785112061386  0.0757662025990801  5.532031342957709  17.24229995396611  
0.000100927151463057  0.006485654464394443  3.670185950585186e-07  0.006118520350658994  1.010122124826811  0.0780119801727385  5.563652044047988  17.34382722672738  
0.0001066733937734855  0.006701027151453734  4.019758212846621e-07  0.006138845791660277  1.010469312822933  0.08059770259036804  5.599726458965485  17.45963549265  
0.0001127467958244943  0.00691467771001027  4.409416164578413e-07  0.006784153202456389  1.010825579241476  0.08337012581395684  5.635168369261177  17.57339096019194  
0.0001191659843098559  0.007143002136200221  4.866631363421645e-07  0.007472198193600503  1.011226911979774  0.0860316733164449  5.672623247863612  17.69358320829867  
0.0001259506464258356  0.007406605283655164  5.393080306301901e-07  0.008019321925922716  1.011688504947805  0.08848225360211066  5.715501555692286  17.83115106987541  
0.0001331215902504305  0.007671643225908621  5.985393217557577e-07  0.008501036092498557  1.012167828409918  0.09105916192705855  5.758122348633555  17.96786252117335  
0.0001407008085602687  0.007909932515725963  6.649565011447895e-07  0.009038599692971896  1.01263596435555  0.09417053177277501  5.795873444041545  18.08892741224827  
0.0001487115462808954  0.008155113691188976  7.394720590662279e-07  0.009543450904004875  1.013127639884074  0.09750121035704287  5.834325005635731  18.21221525470762  
0.0001571783717773161  0.008449331544300559  8.221955870705843e-07  0.01001756419901914  1.013680303069031  0.1005633601374911  5.880277900736696  18.35952811963967  
0.0001661272522034289  0.008768173416369915  9.156154061871486e-07  0.01095793682111256  1.014279703848872  0.1038226449710036  5.929561798810314  18.5174847119211  
0.0001755856331414464  0.009070022660746652  1.02507529726781e-06  0.01217943725928828  1.014908058944968  0.1080601623376602  5.975336065960787  18.66415679283396  
0.0001855825227755519  0.009373531390328359  1.152362562763545e-06  0.01321690764119336  1.015582966123346  0.1130846221398952  6.020603625772287  18.80917252652082  
0.0001961485808579429  0.009712714945796896  1.297412080138253e-06  0.01427021925340224  1.016327150158448  0.1185106475761546  6.070709621901092  18.96965584053549  
0.0002073162127401227  0.01008815737093306  1.464169571319864e-06  0.01564531918511959  1.017150651673563  0.1245097815625565  6.125514878728887  19.1451513297769  
0.0002191196687578152  0.01049319779115576  1.659132484890621e-06  0.01737477944606013  1.018065007726321  0.1313075758686414  6.183702711078825  19.33143260831311  
0.0002315951492743155  0.01092915340468776  1.889619591089537e-06  0.01959006033704479  1.019088303529423  0.1389178548406162  6.245193587669138  19.52823701762588  
0.000244780915704444  0.01140035898942912  2.163594633104249e-06  0.02200987782787593  1.020239261429506  0.1472247840646463  6.310347690815828  19.73670928842018  
0.0002587174078595919  0.01191228899893527  2.489684976731462e-06  0.02474581356365028  1.021535472059283  0.1560585566634493  6.379659989634266  19.95842428263764  
0.0002734473679737574  0.01247130362070402  2.877448866680172e-06  0.02789196602915276  1.022994165435034  0.1652863683796084  6.453701736871416  20.19519923692812  
0.0002890159717909511  0.01308395544226178  3.337205327402698e-06  0.03120813032373296  1.024630740579163  0.174828955410097  6.533015157622948  20.4487567667073  
0.0003054709671159968  0.01375713462322834  3.880779669668554e-06  0.03483765707825794  1.026461385067412  0.1846751860611332  6.61810839520678  20.72070858097925  
0.0003228628202536727  0.01449908325223506  4.5219891266133e-06  0.03890929376211576  1.028504997971869  0.1948656386243768  6.709577246775737  21.01294462047334  
0.0003412448707852896  0.01531768955307126  5.277184788667258e-06  0.04330608188184339  1.030782199763945  0.2054459361718585  6.80784741639827  21.32680901054854  
0.0003606734951574031  0.01622193869329087  6.165722005077748e-06  0.04816512628951036  1.033316962552438  0.216482316576524  6.913360493883052  21.66369490947548  
0.0003812082795843888  0.01722213007670611  7.210290134318629e-06  0.05360927580636875  1.036136436298438  0.2280644543915435  7.02658318953404  22.02507405692978  
0.0004029122027951344  0.01832929688869507  8.438319243782803e-06  0.05963714526185411  1.039272617009663  0.2403163537362175  7.147887958997348  22.41211532182674  
0.0004258518291843406  0.01955546324258107  9.884261703691047e-06  0.06646837165758077  1.042766028576122  0.2535752310116663  7.277530289907342  22.82561219779134  
0.0004500975129608051  0.02091557819687575  1.159084048370523e-05  0.07447359154772587  1.046667421186318  0.2690769254808131  7.415849822227488  23.26662514953549  
0.000475723613918789  0.02242674978357594  1.362366530069007e-05  0.08481169022484988  1.051064523697014  0.2890302268616839  7.562831439305111  23.73507666461753  
0.0005028087254942475  0.0241128962140066  1.613302994949925e-05  0.1012487317064116  1.056198715595206  0.3149734251373893  7.71730292629244  24.22717410867227  
0.0005314359158053253  0.02601415127932703  1.939406198963569e-05  0.1275295403881525  1.062507849602758  0.3466646305846534  7.877108643056643  24.73595699228399  
0.0005616929824163816  0.02819497186738267  2.36766921258169e-05  0.1561533830351984  1.070347344902133  0.3804249539698038  8.04247761328949  25.26208050856869  
0.0005936727216069126  0.03072883913523344  2.913993182157374e-05  0.1847423023885538  1.079813007501096  0.4110376241020797  8.216136998748066  25.81420460415439  
0.0006274732129711574  0.0336602826668361  3.578716497719085e-05  0.2065114788629282  1.09069405596169  0.4355932056778362  8.400409270203696  26.39975887900267  
0.0006631981202212661  0.03702059870961204  4.349409990468378e-05  0.2237721299499372  1.102602961775075  0.4538583840413244  8.598751506149116  27.02984207922766  
0.0007009570091165632  0.04083941423200925  5.225316455723612e-05  0.2405894855498628  1.11538487690324  0.4683262282284764  8.811945987394564  27.70699301228018  
0.0007408656834939568  0.04513913303020435  6.217337036956102e-05  0.2564574825607653  1.129059028032425  0.4816407824070553  9.037761666273296  28.42411478099669  
0.0007830465404301183  0.04992489526407932  7.339234886221275e-05  0.2747431514699266  1.143651570592852  0.4947088994776166  9.2722755439046  29.16872097293488  
0.0008276289456246369  0.0552159704401447  8.605672304829699e-05  0.293664559141802  1.1591958076646  0.5075891357776875  9.513049540184427  29.93306194155316  
0.0008747496301554433  0.06108115235018989  0.0001003282766790665  0.3118470033620677  1.175774858092298  0.5202102060027611  9.761251595617635  30.72087179077207  
0.000924553109823358  0.06763463073855325  0.0001163857263482059  0.332337817462635  1.193517854873122  0.53250390790619  10.02043914567209  31.54348711393352  
0.0009771921283717997  0.07493963425539338  0.0001344349562023108  0.3535736748819719  1.21251233086144  0.5444213230844522  10.28960168303312  32.39769624648243  
0.001032828125941028  0.0829534466077356  0.0001546888525789035  0.3741640199468442  1.232725561341699  0.5559366855700513  10.56141193296064  33.2601906503502  
0.001091631734193617  0.09161086752875885  0.0001773704008531145  0.3965557113084381  1.254092769893147  0.5670315956383047  10.82872371504313  34.1082522742939  
0.001153783299629662  0.1008781994279566  0.0002027347112427918  0.4197200651386059  1.276591187566947  0.5776981343448933  11.08727590040681  34.92834899162207  
0.001219473436696738  0.1107104045088213  0.0002310627362971554  0.4424184722540182  1.300187870228  0.5879415984413197  11.33307529432642  35.70780377779634  
0.001288903612390897  0.1211017281509326  0.0002626670046077453  0.4672796005247427  1.324892765806962  0.5977611219122414  11.56473295934239  36.44222334997907  
0.00136228676414165  0.1322576890095929  0.0002979075423657737  0.4932202500665132  1.35093965099245  0.6071203730614119  11.79019900586011  37.15691331162863  
0.00143984795287601  0.1444922557390811  0.0003371717429757124  0.5186641907038402  1.378664025266712  0.6159526954285222  12.02024225905529  37.88613633499891  
0.001521825053264387  0.1579358976636518  0.0003808203077849916  0.545302372172267  1.408175113379094  0.6242235176803832  12.25670157595731  38.63575257997729  
0.001608469483265355  0.1724697923033131  0.0004292348433132626  0.5721036073174753  1.439328969787907  0.6319620820644026  12.49176651739633  39.38093503323926  
0.001700046975206722  0.1879754771300625  0.0004828377934527844  0.597914770814462  1.471989860552657  0.6392100460467274  12.71917588065218  40.10178681785393  
0.001796838390767723  0.2044413159870487  0.0005420941127271872  0.6254434183911667  1.506134621023552  0.6459894507399806  12.93748166394932  40.79371703532028  
0.001899140582361935  0.2218618995133784  0.0006075228148926951  0.6535348918673716  1.541755445328258  0.6523354638441284  13.14568392986  41.45355729158071  
0.002007267303562577  0.2402181888216245  0.0006796979219054472  0.6822213991139027  1.578836727916588  0.6582921927043365  13.34260096589417  42.07755956809282  
0.002121550171362457  0.2595449016509682  0.0007592427858444156  0.7101613248723448  1.617416610787515  0.6638968012797156  13.52886999402368  42.66775738595091  
0.00224233968321984  0.2799106208280056  0.0008468422224653378  0.7400636847698877  1.657570717914337  0.6691777895751387  13.70590641777857  43.22865603375406  
0.00237000629200933  0.3013756047517723  0.0009432281490077164  0.7705609873788547  1.699361108920216  0.6741153430450014  13.87480868010484  43.76375210458917  
0.002504941542174502  0.3239818710958125  0.001049176817081007  0.8000783453500206  1.742824706114722  0.6786772909698946  14.03624346589905  44.27516898346315  
0.002647559270567064  0.3477518255077473  0.001165566905657616  0.8318272672659263  1.787993869799345  0.6829118974278914  14.19015582312475  44.76273387770635  
0.00279829687565511  0.3727124681375159  0.00129335967622267  0.8644031627584139  1.834907772529542  0.6868916078001955  14.33662228379885  45.22669126504435  
0.002957616658993245  0.3989035133980474  0.001433602403041342  0.8962888856737125  1.883618934066976  0.6903934840974674  14.4760032290685  45.66818738466685  
0.003126007243068704  0.4263490225344234  0.001587417234063375  0.9300068733927082  1.934158861293804  0.6920112311581212  14.60844770653433  46.08769661733222  
0.003303985069871855  0.4550243084192568  0.001755571055826186  0.9590496416415411  1.986373881344015  0.689338488505439  14.73553467231174  46.49024590243484  
0.003492095984787264  0.484235355509903  0.001937242423244043  0.9716781482306663  2.03898597854069  0.6829843341295633  14.855049451903  46.86882567348177  
0.003690916910662782  0.5106731989054878  0.002133204823606087  1.004891502808658  2.088633872429028  0.6771733280192013  14.91607396040011  47.06158140112839  
0.003901057617190994  0.5297552692055231  0.002351662169599752  1.076151179693664  2.132582092176955  0.6737915423282222  14.82506209261649  46.77099142254007  
0.004123162591029748  0.5342683092599999  0.002609842161369207  1.14284881967971  2.167239263897374  0.67306359888  14.41933481392078  45.47907677533509  
0.004357913012397021  0.53426830926  0.002902907910280145  1.203488574293036  2.200391727057051  0.67306359888  13.88955550565081  43.79103138908528  
0.004606028844202388  0.5342683092600002  0.00322888275019131  1.267345349683354  2.23528058239318  0.67306359888  13.32412396686087  41.98727863554143  
0.004868271040122284  0.5342683092600001  0.003591462125809203  1.334589785481608  2.271996775117766  0.67306359888  12.71868232602561  40.05293061697787  
0.005145443878390925  0.5342683092599999  0.003994756452632919  1.405401571083814  2.310636013785844  0.67306359888  12.0677787474964  37.96903411450526  
0.005438397428464791  0.53426830926  0.004443337715069675  1.4799699255257  2.351299019780174  0.67306359888  11.36443622808319  35.71074439544438  
0.005748030158125363  0.53426830926  0.004942291297169843  1.558494102799392  2.39409178986291  0.67306359888  10.5994949960439  33.24430102061317  
0.006075291689016078  0.5342683092599999  0.005497273633565699  1.641183923960899  2.439125872478666  0.67306359888  9.760590368936301  30.52168722997764  
0.006421185709064759  0.53426830926  0.006114576334179622  1.728260337448616  2.486518658529248  0.67306359888  8.830576309079246  27.47037631843048  
0.006786773050723288  0.53426830926  0.006801197509656885  1.819956009108214  2.536393687377964  0.67306359888  7.785379774186756  23.97129450667482  
0.007173174944465598  0.5342683092599998  0.007564921106111126  1.916515943498698  2.588880968881215  0.67306359888  6.593374969246375  19.80331454492368  
0.007581576457522118  0.5342683092599998  0.008414405148568191  2.018198138137793  2.644117322286806  0.67306359888  5.234572582457228  14.46952162187462  
0.008013230128396887  0.5342683092599998  0.00935927989348819  2.125274272432697  2.702246732882359  0.67306359888  3.834640585203164  7.010230460781747  
0.008469459808314577  0.53426830926  0.01041025700308213  2.238030433134897  2.763420727323576  0.67306359888  2.806540613104975  3.212852973285351  
0.00895166472137832  0.5342683092599998  0.01157925097908688  2.356767878254991  2.827798768620634  0.67306359888  2.238992260290423  2.341323472996632  
0.009461323755890779  0.53426830926  0.01287951423264452  2.481803841476215  2.895548671812388  0.67306359888  1.917529176947707  1.956937663092179  
0.01  0.53426830926  0.01432578732151929  2.613472379213504  2.966847041411929  0.67306359888  1.714942322876129  1.734103001963427  
