# PlotEOS table
# Tabulated(filename=/Users/mbdeaton/EsOS/HShen_Tabulated.dat;)
# slice Temp = 0.01, Ye = 0.01, global minimum enthalpy = 0.9978583998657838
# WARNING: You are taking a constant-ye slice through a composition-dependent EOS. That's a strange thing to do.
# Units are geometric, with Msun=1.
# Conversion to cgs: rhoscale=6.177e17, Energypermassscale=8.989e20, Pscale=5.552e38
# [1] rho
# [2] eps, specific energy (E/rho)
# [3] P
# [4] dP/drho
# [5] h, specific enthalpy (1+eps+P/rho)
# [6] cs, adiabatic relativistic sound speed (nonrelcs/sqrt(h))
1e-10  0.00673831169999986  8.149628276306029e-16  8.162301213138502e-06  1.006746461328276  0.00890078821  
1.03760501976691e-10  0.006738311699999884  8.680300766943803e-16  8.388203790210876e-06  1.006746677408147  0.00890078821  
1.076624177045493e-10  0.006738311699999878  9.245528611859391e-16  8.620347496544181e-06  1.006746899217175  0.00890078821  
1.117110650504822e-10  0.006738311699999876  9.847561922996145e-16  8.858904479030739e-06  1.006747126907266  0.00890078821  
1.159119618598886e-10  0.006738311700000005  1.048879733094476e-15  9.104051625704243e-06  1.006747360634349  0.00890078821  
1.20270833476851e-10  0.006738311700000052  1.117178752567426e-15  9.355970696134893e-06  1.006747600558489  0.00890078821  
1.247936205471311e-10  0.006738311699999982  1.189925141851988e-15  9.614848455406572e-06  1.006747846843997  0.00890078821  
1.294864871145902e-10  0.006738311699999989  1.267408496587932e-15  9.880876811773481e-06  1.006748099659538  0.00890078821  
1.343558290220826e-10  0.006738311700000006  1.349937269770791e-15  1.015425295809802e-05  1.006748359178249  0.00890078821  
1.394082826282576e-10  0.006738311699999926  1.43783999967036e-15  1.04351795171728e-05  1.00674862557786  0.00890078821  
1.446507338521647e-10  0.006738311700000017  1.53146661770669e-15  1.07238646910342e-05  1.00674889904081  0.00890078821  
1.500903275579733e-10  0.006738311699999868  1.631189841489774e-15  1.102052241437604e-05  1.006749179754378  0.00890078821  
1.557344772926135e-10  0.006738311700000047  1.737406658568808e-15  1.132537251217684e-05  1.006749467910807  0.00890078821  
1.615908753895916e-10  0.006738311699999884  1.850539906797311e-15  1.163864086165517e-05  1.006749763707437  0.00890078821  
1.676675034527701e-10  0.006738365240668022  1.923618595579955e-15  1.168521256325699e-05  1.006749838057737  0.008899101036236137  
1.739726432343799e-10  0.006738421357982922  1.997404443652643e-15  1.171972975347372e-05  1.006749902498963  0.008897332667178022  
1.80514887922111e-10  0.006738480087491042  2.074588483640353e-15  1.181969485324255e-05  1.006749972704568  0.008905199077799545  
1.873031538506435e-10  0.00673853895428474  2.154955636253109e-15  1.185849907767992e-05  1.006750044129675  0.008913571850003953  
1.943466926536022e-10  0.006738599709391447  2.238835939250648e-15  1.193096255865286e-05  1.00675011951407  0.008928886085275121  
2.016551038724744e-10  0.00673866057217704  2.326186364471376e-15  1.19730392939832e-05  1.006750196041996  0.008944596148962494  
2.092383480396979e-10  0.006738699684624695  2.422089307119866e-15  1.271994349745852e-05  1.006750275427455  0.008953411684578225  
2.171067602537263e-10  0.006738737458772855  2.522454292349045e-15  1.27907008543671e-05  1.006750355956002  0.008961802999548163  
2.252710642645983e-10  0.006738767266364896  2.628919412588439e-15  1.309446033407954e-05  1.006750437293411  0.008967676292928783  
2.337423870891813e-10  0.006738796547567047  2.740198924558559e-15  1.31773212490483e-05  1.006750519705522  0.008973383208259446  
2.425322741760356e-10  0.006738879225984006  2.854481792656509e-15  1.302404134296355e-05  1.006750648718528  0.008961686928851673  
2.516527051405389e-10  0.006738965677386764  2.973614502551942e-15  1.310008149667822e-05  1.006750782019678  0.008948760959613198  
2.611161100917462e-10  0.006739061827691262  3.097158863332901e-15  1.308564991240374e-05  1.006750923060084  0.008933964666256115  
2.709353865732049e-10  0.006739158708151898  3.22602053646701e-15  1.316079288252657e-05  1.006751065681904  0.008919027570424454  
2.811239171408467e-10  0.006739327503362041  3.355957019485033e-15  1.274764703944124e-05  1.006751265146568  0.00891632734856506  
2.916955876018793e-10  0.006739502047871021  3.49103301978364e-15  1.28065344663024e-05  1.006751470117215  0.008914605416260452  
3.026648059395695e-10  0.006739661295575804  3.6298223170962e-15  1.266387597970094e-05  1.006751654174318  0.008915603863012732  
3.140465219496749e-10  0.00673981924840155  3.774266307361544e-15  1.271775716521668e-05  1.006751837424193  0.008916832590688081  
3.25856247615323e-10  0.00673991156720654  3.917361151727946e-15  1.207798916372242e-05  1.006751933313545  0.008929711217351435  
3.381100782480682e-10  0.006739998018609239  4.065559452536334e-15  1.211007514883056e-05  1.006752022384974  0.008943631295387507  
3.508247144239796e-10  0.006740066770857201  4.21869101566236e-15  1.205126857251266e-05  1.006752091838768  0.008958658375519126  
3.640174847446137e-10  0.006740133856147934  4.377887026111609e-15  1.208254978582231e-05  1.00675216044061  0.008973789716300688  
3.777063694539372e-10  0.006740166851947051  4.542011201363082e-15  1.19933822239564e-05  1.00675219209581  0.00899107483821809  
3.919100249433402e-10  0.006740196472468374  4.712570832386294e-15  1.202292156510299e-05  1.006752221096827  0.009008573210923502  
4.066478091781862e-10  0.006740213083328844  4.893932308655194e-15  1.235301721854603e-05  1.006752247901169  0.009022047426301801  
4.219398080805024e-10  0.0067402283426879  5.083154993681825e-15  1.239485550272269e-05  1.006752275452006  0.00903510359409739  
4.378068629038175e-10  0.006740230303535428  5.284577940060705e-15  1.275056925128422e-05  1.006752300872519  0.00904407875256652  
4.542705986374043e-10  0.006740230817503128  5.494957013720287e-15  1.280596655253347e-05  1.006752327037312  0.009052609896754896  
4.713534534786916e-10  0.006740243585097285  5.713662168176999e-15  1.282675354021219e-05  1.006752365406049  0.009052706952823253  
4.890787094139589e-10  0.006740257746660594  5.941523036858294e-15  1.288341980264199e-05  1.006752406145114  0.009051844549556719  
5.074705239490477e-10  0.006740278607537249  6.178249021590073e-15  1.289461955787705e-05  1.006752453204346  0.009046371394995634  
5.265539630332755e-10  0.006740300264050203  6.424873316018493e-15  1.295219052097924e-05  1.006752502001701  0.009040350649845335  
5.463550352214887e-10  0.006740349174645883  6.67835716857568e-15  1.280569486300772e-05  1.006752572649745  0.009037836720965541  
5.669007271207434e-10  0.006740401459656035  6.942001799687662e-15  1.285842154866785e-05  1.006752646993076  0.009035756982147907  
5.882190401699968e-10  0.006740460609208317  7.21486506106688e-15  1.281399424803891e-05  1.006752726218732  0.009034562101862618  
6.103390288028621e-10  0.006740520643657208  7.498884440881267e-15  1.286578820207678e-05  1.006752807068229  0.009033481287173236  
6.332908400455127e-10  0.006740575054724811  7.798514249154578e-15  1.310557653283632e-05  1.006752889324498  0.009037780231068385  
6.571057546036271e-10  0.00674062871197935  8.111353673682886e-15  1.316683988261514e-05  1.006752972773216  0.009042800330547341  
6.818162294944493e-10  0.006740682886085857  8.436643004692643e-15  1.318995726181042e-05  1.006753056664591  0.009047275510329994  
7.074559422819879e-10  0.006740737132158258  8.775633916461077e-15  1.325253656563966e-05  1.006753141627466  0.009051674816382098  
7.340598369757197e-10  0.006740798437170073  9.129409584906035e-15  1.333194139067608e-05  1.006753235311012  0.009048947279019309  
7.616641716552892e-10  0.006740860762019699  9.498342208049984e-15  1.33979431491484e-05  1.00675333127404  0.009045190093568408  
7.903065678861364e-10  0.006740935833512982  9.881620742523014e-15  1.340681131960614e-05  1.006753439362073  0.00904222163759786  
8.200260619934131e-10  0.00674101281393367  1.028105808924249e-14  1.347351631970786e-05  1.006753550291175  0.009039371301164991  
8.508631582640564e-10  0.006741126833875644  1.069622079487667e-14  1.348945757279807e-05  1.006753697857419  0.009038819894722747  
8.82859884149515e-10  0.006741246598384668  1.112892482546463e-14  1.355714243489067e-05  1.006753852137525  0.009038625036005313  
9.160598475443691e-10  0.006741364182823519  1.157903702893811e-14  1.358607215364973e-05  1.006754004227096  0.009042405799918453  
9.505082962189511e-10  0.006741481417412779  1.204825034731172e-14  1.365523126231917e-05  1.006754157004144  0.009046824556912438  
9.862521794868765e-10  0.00674159550199454  1.253669974125931e-14  1.3695884148692e-05  1.006754306956531  0.009056979571503129  
1.023340212191642e-09  0.006741709063958332  1.30459744197783e-14  1.37669543798748e-05  1.006754457487468  0.00906808628885784  
1.061822941099382e-09  0.006741804645047944  1.357449092036095e-14  1.375705550073162e-05  1.006754588782963  0.009077493440849401  
1.101752813788387e-09  0.006741897144306432  1.412523015239745e-14  1.382808987394531e-05  1.006754717833281  0.009086609295919541  
1.143184250129148e-09  0.006741975584318097  1.469688401352664e-14  1.38208976077303e-05  1.006754831678173  0.009094400427344409  
1.186173716452479e-09  0.006742051536803128  1.529256988492317e-14  1.38920342901374e-05  1.006754943889477  0.009101957173156032  
1.230779802506663e-09  0.006742127746694579  1.591176001163902e-14  1.39082020592366e-05  1.006755055940657  0.009106812904607828  
1.277063301308645e-09  0.00674220400356819  1.655715422033031e-14  1.398035789869057e-05  1.0067551690259  0.009111175644086787  
1.325087291997951e-09  0.006742280365435452  1.722779002499744e-14  1.399063816544611e-05  1.006755281614583  0.009114454023035977  
1.37491722580642e-09  0.006742356747058747  1.792676477005347e-14  1.406359335516852e-05  1.00675539517907  0.009117528364659224  
1.426621015260735e-09  0.006742435991777398  1.865152395280627e-14  1.403724917767252e-05  1.006755509908223  0.009118903344376594  
1.48026912673951e-09  0.006742515791536798  1.940654200425053e-14  1.41096259413937e-05  1.006755625935938  0.009119948884897637  
1.535934676510895e-09  0.006742596364993218  2.019065703630998e-14  1.411008098687539e-05  1.006755741883058  0.009120754096853383  
1.593693530381776e-09  0.006742677092889225  2.100774853425005e-14  1.418294704012168e-05  1.006755858892359  0.00912151133629226  
1.653624407094179e-09  0.00674277655256872  2.185970884584643e-14  1.425187164381133e-05  1.006755995823373  0.00912364876669217  
1.715808985610007e-09  0.006742879860123945  2.274832348887509e-14  1.432784511265016e-05  1.0067561379347  0.009126069715349485  
1.780332016430112e-09  0.00674298397099709  2.36722816224018e-14  1.434791580741392e-05  1.006756280525462  0.009128921621581958  
1.847281437099636e-09  0.006743088251598374  2.463545601666517e-14  1.442508965864709e-05  1.006756424311563  0.00913186458202284  
1.916748492056813e-09  0.006743196434962159  2.563994031946871e-14  1.449810514576307e-05  1.006756573224054  0.009136910090254535  
1.988827856988812e-09  0.006743305466024323  2.668785974311677e-14  1.45785140444124e-05  1.006756724354768  0.009142412281677382  
2.063617767863857e-09  0.006743413469052601  2.777708478353691e-14  1.459144743193843e-05  1.006756873851695  0.009147703950475384  
2.141220154815732e-09  0.006743521242639573  2.891257776100596e-14  1.467273137507864e-05  1.006757024094131  0.009152948633982399  
2.221740781062882e-09  0.006743626848474913  3.009306998068064e-14  1.468906820276777e-05  1.006757171664431  0.009157758967399676  
2.305289387051711e-09  0.006743731957412763  3.132376793484264e-14  1.477137190180983e-05  1.006757319738674  0.009162469738020922  
2.391979840020237e-09  0.006743837643987682  3.260447759832262e-14  1.480525823723509e-05  1.006757468393316  0.009167038321045156  
2.481930289186258e-09  0.006743943466492899  3.394000515280668e-14  1.488926977181121e-05  1.006757618308732  0.009171573444371809  
2.575263326771199e-09  0.006744049916021241  3.533009347560004e-14  1.492680701232079e-05  1.006757768937726  0.009175952615743235  
2.672106155079438e-09  0.006744156516962982  3.677981537209231e-14  1.501266166492253e-05  1.006757920871086  0.009180294127847445  
2.772590759860481e-09  0.006744265001594184  3.828554991344584e-14  1.500959992734717e-05  1.006758073584695  0.009183912051325623  
2.876854090190597e-09  0.006744373952816507  3.985500121332667e-14  1.509571308682452e-05  1.006758227627686  0.009187350741325623  
2.98503824511873e-09  0.00674448401824304  4.148556368765837e-14  1.509779471602573e-05  1.006758381851464  0.009190360757239922  
3.097290667331413e-09  0.006744594366659988  4.318520062054875e-14  1.518440095633725e-05  1.006758537262326  0.009193261896658759  
3.213764344100276e-09  0.006744714086645141  4.495981214772469e-14  1.528234532738941e-05  1.006758703852955  0.009196673566823861  
3.334618015786369e-09  0.006744836246344717  4.681224357668244e-14  1.537319844524653e-05  1.006758874509005  0.009200218144198609  
3.460016392185109e-09  0.006744961049260777  4.874060905187922e-14  1.541244183889491e-05  1.006759047863752  0.00920390486044749  
3.590130377007076e-09  0.006745086557236617  5.075203245839617e-14  1.550518893686635e-05  1.006759223100239  0.009207629491269133  
3.72513730080021e-09  0.006745219064867718  5.284932604408061e-14  1.557679658302274e-05  1.006759406280473  0.009211522572361566  
3.865221162631269e-09  0.006745353484948068  5.503811890756429e-14  1.567270729504931e-05  1.006759592804405  0.009215461677511867  
4.010572880855496e-09  0.006745488817426883  5.731454608223438e-14  1.569261413729839e-05  1.00675977968005  0.00921942820921158  
4.161390553316715e-09  0.006745624405162319  5.968860280849268e-14  1.578961163616055e-05  1.006759967832448  0.009223402413880919  
4.317879727332022e-09  0.006745764376280426  6.21550103581483e-14  1.578671323746692e-05  1.006760159175182  0.00922756471221698  
4.480253679829499e-09  0.006745905602693206  6.472627288423711e-14  1.58839151800445e-05  1.006760352613401  0.009231780876024595  
4.648733708020257e-09  0.006746048511656264  6.740539398474097e-14  1.59414139596132e-05  1.006760548243888  0.00923624826075624  
4.823549431001457e-09  0.006746191913700197  7.020095213822217e-14  1.604124624560691e-05  1.006760745709228  0.009240789267269265  
5.004939102700954e-09  0.006746340705727722  7.312684924993106e-14  1.619328963055859e-05  1.006760951642594  0.009246143197692855  
5.193149936590223e-09  0.006746491113703773  7.618462442140372e-14  1.629951544702447e-05  1.006761161328381  0.009251740847432337  
5.388438442608224e-09  0.006746643652670129  7.936502883546213e-14  1.631786111831831e-05  1.006761372414942  0.009256645142350917  
5.591070776755281e-09  0.006746796845055045  8.268244024998802e-14  1.642501933777983e-05  1.006761585146536  0.00926133683627877  
5.801323103833378e-09  0.006746953361511963  8.613235695194105e-14  1.643962166150577e-05  1.006761800380961  0.009264949145150626  
6.019481973827286e-09  0.006747110920128981  8.973061373348376e-14  1.654758943614788e-05  1.006762017620427  0.00926822304605243  
6.245844712439618e-09  0.006747260580846732  9.341703585995606e-14  1.623434750002414e-05  1.006762217250466  0.009272499265990742  
6.480719826311958e-09  0.00674740771040565  9.724137160573432e-14  1.633027341406071e-05  1.006762412428124  0.009277096714167094  
6.724427423484249e-09  0.006747548167989709  1.011645322679191e-13  1.605087450526562e-05  1.006762592502012  0.009282536703126005  
6.977299649665552e-09  0.006747686440334404  1.052342520983584e-13  1.613690415753127e-05  1.006762768815663  0.009288252645330414  
7.239681140910876e-09  0.006747830190049109  1.095452857807371e-13  1.656107184645442e-05  1.006762961420783  0.009300364559312272  
7.511929493320954e-09  0.006747975772714426  1.140680962687181e-13  1.666430192014543e-05  1.006763160699087  0.009314616825304253  
7.794415750404951e-09  0.00674812376514879  1.188111989728291e-13  1.686928479199176e-05  1.006763366883142  0.009331638373112813  
8.087524908770441e-09  0.006748272581321078  1.237721814359604e-13  1.69811832687598e-05  1.006763576667903  0.009349606552431451  
8.391656442830161e-09  0.006748450968911855  1.293476823531844e-13  1.88617426736427e-05  1.006763864812798  0.009346804529434743  
8.707224849239903e-09  0.006748639679973814  1.353307935065379e-13  1.905724755259477e-05  1.006764182036563  0.009336751566108092  
9.034660211810535e-09  0.006748833754579202  1.416667532853441e-13  1.952189802069091e-05  1.006764514117754  0.009322906783862812  
9.374408787662981e-09  0.006749029741031916  1.483361162761261e-13  1.973802560012027e-05  1.006764853257974  0.009307710398692472  
9.726933615426179e-09  0.006749230575207858  1.540098060006823e-13  1.479032039180255e-05  1.006765063910984  0.009264674202713619  
1.00927151463057e-08  0.006749433173384068  1.594239897459576e-13  1.481321434802181e-05  1.006765229120008  0.009211507592974143  
1.047225189888435e-08  0.006749635600545477  1.648975275874046e-13  1.428143183297472e-05  1.006765381738929  0.009182217403093787  
1.086606113854596e-08  0.006749837964192923  1.705239400679897e-13  1.429309441544925e-05  1.006765531225798  0.009161794772392385  
1.127467958244947e-08  0.00675003931101928  1.756239024778784e-13  1.17927703333724e-05  1.006765616153021  0.009275348190163535  
1.169866413101306e-08  0.006750240272482401  1.806161513698209e-13  1.175692475273391e-05  1.006765679313158  0.009439677047538278  
1.213859262690629e-08  0.006750442680557852  1.882987596815576e-13  1.971492144037713e-05  1.006765955085123  0.009595733058978949  
1.259506464258356e-08  0.006750645647992706  1.973521934508187e-13  1.995135599214817e-05  1.006766314657962  0.009748590221884755  
1.306870229743348e-08  0.006750851914803165  2.134150020358327e-13  4.005051330591895e-05  1.006767182151515  0.00988857119918843  
1.356015110565632e-08  0.006751059482999482  2.336279992511167e-13  4.221333342620295e-05  1.006768288494493  0.01002347337129263  
1.407008085602686e-08  0.006751269083075846  2.522837166424467e-13  3.465386068551173e-05  1.006769199592447  0.009931396211165448  
1.459918652473977e-08  0.006751479500550785  2.709390462478239e-13  3.586200226085611e-05  1.006770038003505  0.009748008220143413  
1.514818922258347e-08  0.006751692338303843  2.862727626934557e-13  2.477844597618233e-05  1.006770590488999  0.009258978624931118  
1.571783717773161e-08  0.006751906168924893  3.004821097386288e-13  2.51087539956275e-05  1.006771023437181  0.008644566000221732  
1.630890675549334e-08  0.006752120850993705  2.99245140089432e-13  -1.292182236616895e-05  1.006770469422396  0.008191242378082719  
1.692220351641035e-08  0.006752335889190234  2.916227906452802e-13  -1.195399183736236e-05  1.006769569034411  0.007805296060687947  
1.755856331414471e-08  0.006752551473127367  2.747342083935482e-13  -3.136232609839058e-05  1.006768198209337  0.007546662761046855  
1.821885343465165e-08  0.00675276728976066  2.552153035609242e-13  -2.785343600264102e-05  1.00676677559739  0.007342313925074922  
1.890397377819223e-08  0.006752991155175758  2.424710642194286e-13  -1.440754124568156e-05  1.006765817615213  0.007974799481860282  
1.961485808579429e-08  0.006753218518622772  2.326762111268973e-13  -1.317596011265845e-05  1.006765080761526  0.008970976506389292  
2.03524752118358e-08  0.006753448413514601  2.248314984810211e-13  -9.339844108096178e-06  1.006764495300743  0.01003383842914595  
2.111783044448242e-08  0.006753679429626462  2.179688213085159e-13  -8.608266525851637e-06  1.006764000983343  0.01112623623924609  
2.191196687578152e-08  0.006753921905319485  2.915558221371315e-13  0.0001569723801099601  1.006767227685845  0.01353641536879643  
2.273596682327715e-08  0.006754169553034922  4.50323591155756e-13  0.00023284442796254  1.006773976214201  0.01654134532290449  
2.359095330508639e-08  0.006754520545940459  7.07007969371043e-13  0.0003722237161003876  1.006784489999071  0.01891912091946829  
2.44780915704444e-08  0.00675491906070998  1.117347313403889e-12  0.0005649110461019977  1.006800565891885  0.02100850821265456  
2.539859068780729e-08  0.006756778550458406  1.428762181972724e-12  0.0002240334007828724  1.00681303215128  0.0202694669221011  
2.635370519267393e-08  0.006759322427271923  1.654761984774235e-12  0.0002494944614423104  1.006822112914328  0.01820546116198097  
2.734473679737586e-08  0.006762211596344336  1.877090562181081e-12  0.0002160506453581806  1.006830857002445  0.01582559667735462  
2.837303616516211e-08  0.006765265523959513  2.108134673559598e-12  0.0002334298872988095  1.006839566161413  0.01329501806052132  
2.944000475100034e-08  0.006769553695587864  2.197191707570432e-12  1.056993950009537e-05  1.006844186554045  0.01038698126244559  
3.054709671159968e-08  0.006774441675367304  2.208999243895653e-12  1.075637360564681e-05  1.006846756215265  0.007295510320421403  
3.169582088726115e-08  0.006778454817489643  2.173659115162815e-12  -4.962686328292869e-05  1.006847033546619  0.004178435735544688  
3.28877428582551e-08  0.006782035008351467  2.116786781677408e-12  -4.587631862830928e-05  1.006846399011403  0.001048690080374205  
3.41244870785289e-08  0.00678412922308925  1.987775126273154e-12  -0.0001280259661337668  1.006842379919186  0  
3.540773908965269e-08  0.006785474621485857  1.833454291350678e-12  -0.000112910240956307  1.006837255795277  0  
3.673924781802074e-08  0.006786780632616177  1.654178027863493e-12  -0.0001392719120612051  1.006831805452832  0  
3.812082795843888e-08  0.006788066435682456  1.476258722539017e-12  -0.0001189613759591828  1.006826792213731  0  
3.955436244734702e-08  0.006789316424442399  1.291207647046219e-12  -0.0001277137437526469  1.006821960299028  0.002414788272424008  
4.104180502904709e-08  0.006790547706987559  1.118083598676048e-12  -0.0001058989465330353  1.006817790261205  0.006090847617153635  
4.258518291843414e-08  0.00679195364000165  1.127726356593224e-12  6.408573391260191e-05  1.006818435300507  0.008677674006843685  
4.418659956385942e-08  0.006793452430382236  1.23305655054619e-12  6.746777847493463e-05  1.006821358097773  0.01068538197473957  
4.584823751389096e-08  0.006795035157935323  1.450729224967224e-12  0.000173203382802714  1.006826677142527  0.01228415757859621  
4.75723613918789e-08  0.006796663308556656  1.775079284755854e-12  0.0002036620324977088  1.006833976555846  0.01366163715534978  
4.936132098237917e-08  0.006798369786307517  2.029740896018841e-12  0.0001079877352928205  1.006839489854726  0.01387012621599648  
5.121755443364241e-08  0.00680011940302084  2.23623197341617e-12  0.0001145176482194377  1.00684378083899  0.01343478933643734  
5.314359158053241e-08  0.006801885641571353  2.429301712279986e-12  9.282581800727645e-05  1.006847597676457  0.01271515489859177  
5.514205739240302e-08  0.006803661196200475  2.618373404721569e-12  9.639107105537882e-05  1.006851145340401  0.01183617955931325  
5.721567555063251e-08  0.006805543645376584  2.768787893467637e-12  5.900536579962734e-05  1.006853935766361  0.0114519930803416  
5.936727216069126e-08  0.006807487057941656  2.8964165972776e-12  5.962916401315975e-05  1.006856275161081  0.0113499913031873  
6.159977960380168e-08  0.00680945170890679  3.03326258985458e-12  6.241608253854376e-05  1.006858693160895  0.01128439415176976  
6.391624053344005e-08  0.006811428684076986  3.178726219111436e-12  6.317304201787139e-05  1.006861161368487  0.01123992185357337  
6.631981202212676e-08  0.006813527339163259  3.364525306027116e-12  8.61098049478384e-05  1.006864259167307  0.0113619383407894  
6.88137698641567e-08  0.006815697830746368  3.582137855349698e-12  8.83983575383825e-05  1.006867753369375  0.01158224525742265  
7.140151304013404e-08  0.006817913337019187  3.814244780544686e-12  9.094362593839744e-05  1.006871333000247  0.01176992302416103  
7.408656834939568e-08  0.006820155878923014  4.061705656392019e-12  9.337715694125421e-05  1.006874979658009  0.01193800386243758  
7.687259521663736e-08  0.006822510210922776  4.326463480119858e-12  9.653639121895298e-05  1.00687879117123  0.01203515179398677  
7.976339067929281e-08  0.006824932841203424  4.609332862792972e-12  9.916313221225968e-05  1.006882720415472  0.01208896318897675  
8.276289456246335e-08  0.006827428583568854  4.906180584989897e-12  9.930478954031594e-05  1.006886708537598  0.01214335989303021  
8.587519484845179e-08  0.006829969760803258  5.219243779641475e-12  0.0001018689096049315  1.006890746843043  0.01219812033230877  
8.910453324821504e-08  0.006832604557353911  5.545741660089424e-12  0.000101042890672092  1.006894843160239  0.0122536978462468  
9.24553109823358e-08  0.006835298527774589  5.888391418174102e-12  0.0001034720465726542  1.00689898758312  0.01230979180776984  
9.593209477938232e-08  0.006838102334208484  6.256577332584031e-12  0.0001079314629197677  1.006903321147026  0.01238342053095454  
9.953962309984243e-08  0.006840976747294718  6.650844334403555e-12  0.0001106438866030953  1.006907792796294  0.01246832124758781  
1.032828125941027e-07  0.006843927735356295  7.073365984200668e-12  0.0001148392022750217  1.006912413147464  0.01256468657592331  
1.071667648032864e-07  0.006846928784153928  7.525180609180217e-12  0.000117812991332183  1.006917148134556  0.0126685468711137  
1.111967731120698e-07  0.00685007261705592  8.006165832281195e-12  0.0001208813566919555  1.006922072600583  0.01276800599771971  
1.153783299629662e-07  0.006853311373528897  8.518213090844126e-12  0.0001240209196600544  1.006927139908693  0.01286453920593615  
1.197171343418966e-07  0.006856600535625268  9.0630910024806e-12  0.0001271546928576947  1.006932304744988  0.01295906071470952  
1.242190995452619e-07  0.006859923772458888  9.642991816695639e-12  0.0001304610441733995  1.006937552670527  0.01305222229326664  
1.288903612390892e-07  0.006863436625592641  1.026032289972948e-11  0.0001338456384644451  1.006943041669764  0.01315326516618057  
1.337372858212498e-07  0.006867079814951589  1.091753232826407e-11  0.0001373348024730286  1.006948713984968  0.01325972539062947  
1.387664790981307e-07  0.006870757199378291  1.161699840368748e-11  0.0001408350941275046  1.006954473371174  0.01336638049935736  
1.43984795287601e-07  0.006874458482083622  1.236152905321945e-11  0.0001445117376913158  1.006960311498915  0.0134731718089766  
1.493993463605256e-07  0.006878373523768922  1.315790675678493e-11  0.000149466929714734  1.006966445574131  0.01358264797058925  
1.550175117335772e-07  0.006882440452245802  1.400883271210135e-11  0.0001534463504477321  1.006972809808298  0.0136940318581644  
1.608469483265355e-07  0.006886555339908895  1.491349336322241e-11  0.0001570005386529325  1.00697927387463  0.01380549958884961  
1.668956009978027e-07  0.006890704872514263  1.587573673589214e-11  0.0001611607294262844  1.006985828630366  0.01391702788644481  
1.731717133723353e-07  0.00689504078625723  1.689447102790325e-11  0.0001637055155319119  1.006992599854646  0.01403195483967237  
1.796838390767723e-07  0.006899513574754204  1.797441028259541e-11  0.0001679577799879543  1.006999547113524  0.01414937770079463  
1.864408533970485e-07  0.006904077400471962  1.912572576556463e-11  0.0001727565375629755  1.007006660742144  0.0142688446709451  
1.934519653744048e-07  0.006908709189690426  2.035282750243243e-11  0.0001772809934362659  1.007013917877868  0.01438983766312948  
2.007267303562568e-07  0.006913506439330428  2.166364249421348e-11  0.0001829610344584721  1.007021432486129  0.01451536148264362  
2.082750630190519e-07  0.006918429254160282  2.306307747233159e-11  0.0001878245058801454  1.00702916299798  0.01464432367242319  
2.161072508808377e-07  0.006923483816115968  2.454727649063279e-11  0.0001913348365474747  1.007037072214426  0.01477285931577561  
2.242339683219845e-07  0.006928640007318344  2.612261468655792e-11  0.0001963507213615185  1.007045137141459  0.01490106592278963  
2.326662911331458e-07  0.00693392567705125  2.779279858696953e-11  0.0001999434406881214  1.00705337915891  0.0150288591986903  
2.414157116103018e-07  0.006939312869395873  2.956484003067349e-11  0.0002051129252520685  1.007061777309815  0.01515632838646585  
2.504941542174502e-07  0.006944880762649771  3.145246058454728e-11  0.000210698451275824  1.007070442417702  0.0152938603208862  
2.599139918382933e-07  0.006950592667960376  3.346305615164563e-11  0.0002161780446689451  1.007079339319555  0.01543941189864171  
2.696880626390692e-07  0.006956400817844152  3.56036432593529e-11  0.0002218248162685782  1.007088418686603  0.01558921206600643  
2.798296875655116e-07  0.006962286928345151  3.788270098687604e-11  0.0002276121200888935  1.007097664633679  0.01574245370187818  
2.903526884977814e-07  0.006968403426683292  4.030760114149094e-11  0.0002332775762193988  1.0071072263229  0.01589403428252541  
3.012714070881164e-07  0.006974709598687129  4.288798711237664e-11  0.000239366259071685  1.007117066244898  0.01604424734986008  
3.126007243068704e-07  0.006981073646150539  4.563342435528116e-11  0.0002453078167581931  1.007127053552168  0.01619294342432618  
3.243560807235811e-07  0.006987486119697629  4.855480916735994e-11  0.0002517123169728446  1.007137182123728  0.01634037018665083  
3.365534975507094e-07  0.006994180884767841  5.163698435884688e-11  0.0002539492105262508  1.007147609640477  0.01649308980379023  
3.492095984787272e-07  0.007001115704427225  5.489163426749147e-11  0.0002603609746474906  1.00715830392178  0.01665031034988242  
3.62341632332315e-07  0.007008101145740783  5.835089387256467e-11  0.0002664974592710306  1.007169139482674  0.01680709223921134  
3.759674965785468e-07  0.007015130335901129  6.202806724052002e-11  0.0002732254335123902  1.007180112861798  0.01696349502738769  
3.901057617190993e-07  0.00702243024450281  6.594445725024572e-11  0.0002807442278561485  1.00719147275482  0.01712494657555214  
4.047756965997322e-07  0.007029967923601095  7.011546524159633e-11  0.0002878909222360964  1.007203188464831  0.01729083242144392  
4.199972946715306e-07  0.007037591822638307  7.453811602686095e-11  0.0002932846151612306  1.007215064670613  0.01745502200123095  
4.35791301239703e-07  0.007045292679071173  7.922867907478963e-11  0.0003006702893900263  1.007227096856551  0.01761769754351552  
4.521792417370702e-07  0.007053220201518756  8.417708228076717e-11  0.0003034024970572663  1.007239378862755  0.01777870358032671  
4.691834510607799e-07  0.00706135332494559  8.939929517871014e-11  0.000310810183246693  1.007251895627699  0.01793819526589785  
4.868271040122284e-07  0.007069624054320029  9.494264818558017e-11  0.0003175689108611803  1.007264647395057  0.01810253418822184  
5.051342468816767e-07  0.007078021626724672  1.008274108542662e-10  0.00032530979544238  1.007277626803916  0.01827134121828197  
5.241298302206061e-07  0.007086607489348978  1.070726466469254e-10  0.0003322439173738704  1.007290893985696  0.01844710661285128  
5.438397428464802e-07  0.007095369729489265  1.137009068319427e-10  0.0003403230241811125  1.007304440339586  0.01862939013168897  
5.642908471262543e-07  0.007104321091015892  1.207227590975209e-10  0.0003463897022628128  1.007318258211762  0.0188078201533655  
5.855110155867244e-07  0.007113452479893603  1.281618691632844e-10  0.0003547310164704737  1.007332341391889  0.01898258197601079  
6.075291689016077e-07  0.007122728188211985  1.360452905224618e-10  0.0003613495017649593  1.007346660301247  0.01915422187840831  
6.303753153071269e-07  0.007132143501959294  1.443995906366146e-10  0.0003699878454065684  1.007361212736002  0.01932284183411972  
6.540805914998259e-07  0.007141801291015924  1.532089538603307e-10  0.0003732298181724492  1.007376036881938  0.01949666545052673  
6.786773050723288e-07  0.007151697434242502  1.624960219437597e-10  0.0003819008448131434  1.007391127898072  0.01967560428559686  
7.041989785449296e-07  0.00716169256460864  1.723212146095485e-10  0.0003880070233846828  1.007406397853681  0.01985543268935818  
7.306803950529492e-07  0.007171786575510475  1.827144851934862e-10  0.0003969241519425863  1.007421847322221  0.02003614970378702  
7.581576457522118e-07  0.007182185467744157  1.937457565443985e-10  0.0004059956994670653  1.00743773358182  0.02022184766001756  
7.866681790071574e-07  0.007192893844978669  2.054548475889222e-10  0.0004153735444080587  1.007454064759313  0.02041260176963679  
8.162508514287236e-07  0.007203664765809598  2.178702590047788e-10  0.0004239536549525147  1.007470580578055  0.02060250581885896  
8.469459808314576e-07  0.007214500202903896  2.310341424849509e-10  0.0004337458915078058  1.007487285182954  0.02079153299621366  
8.787954011821328e-07  0.007225676159367396  2.448660488614933e-10  0.0004345230095646219  1.007504314450524  0.02097758394842605  
9.118425196146562e-07  0.00723720906592054  2.593850799410276e-10  0.0004441445885116251  1.00752167165059  0.02116051506686291  
9.461323755890779e-07  0.007248819541319841  2.747624812729299e-10  0.0004526910081808264  1.007539225501799  0.02134407760401895  
9.817117022752183e-07  0.007260512646189574  2.910475362980699e-10  0.0004627115189016048  1.007556982104202  0.02152831275391874  
1.018628990244686e-06  0.007272512087180525  3.082832616438111e-10  0.0004709195048606478  1.007575157372752  0.0217205693450833  
1.056934553557987e-06  0.007284843141028303  3.265214216210789e-10  0.0004813059687625347  1.007593775629347  0.02192150925129573  
1.096680598336867e-06  0.007297309399360706  3.458054008875607e-10  0.0004888638949340507  1.007612629467402  0.02211857550696636  
1.137921293915314e-06  0.007309924393048135  3.661875138708691e-10  0.0004995614570340303  1.007631728296208  0.02231138044844932  
1.180712846666189e-06  0.007322795671181953  3.876959612144607e-10  0.0005053612201499341  1.007651153207317  0.02249842307175192  
1.225113576604118e-06  0.007335953459919314  4.10376314436383e-10  0.0005162376052308116  1.007670923475984  0.02267902376974791  
1.271183996869028e-06  0.007349307256546351  4.342978905454823e-10  0.0005218307709336226  1.007690955587248  0.02286269728333545  
1.318986896198669e-06  0.007362883739532194  4.595072707462952e-10  0.0005328685097886771  1.007711262690127  0.02304986185087052  
1.368587424502518e-06  0.007376667407189352  4.860792202619532e-10  0.000538073761183414  1.007731835963877  0.02324019941786602  
1.420053181653682e-06  0.007390690288792611  5.140596292368162e-10  0.0005492439516026985  1.007752690554612  0.02343420050744518  
1.473454309619834e-06  0.007404976858346258  5.436572118621353e-10  0.0005590970582561966  1.007773944669776  0.02362944725568811  
1.52886358805873e-06  0.007419572839147749  5.749590258496543e-10  0.0005707191905300047  1.007795642378864  0.02382615565889453  
1.58635653350859e-06  0.007434327240331301  6.080692657252352e-10  0.000580897195101723  1.007817639095441  0.0240229038447161  
1.64601150230855e-06  0.00744927056365789  6.430839833115093e-10  0.0005929858880275045  1.007839962841573  0.02421969947277221  
1.707909797389427e-06  0.007464539386303651  6.798749890187285e-10  0.0005946689635122512  1.007862613681596  0.02440853419476112  
1.772135779080358e-06  0.007480202718828685  7.18453241471241e-10  0.0006066345075371025  1.007885619307079  0.02458772018353867  
1.838776980082327e-06  0.007495968672941835  7.591549100915064e-10  0.000614366847858318  1.007908827284027  0.0247640419167995  
1.907924224765265e-06  0.007511861040557205  8.020613771568849e-10  0.0006266248233558656  1.007932245333993  0.02493683534205001  
1.979671752951333e-06  0.007528154106359503  8.472037627566522e-10  0.0006307383965456015  1.007956105741015  0.02511305140549616  
2.054117348353064e-06  0.00754494885696046  8.946184895157247e-10  0.000643044268616402  1.007980473385407  0.02529355270309135  
2.131362471841437e-06  0.007561828621951828  9.44655341065766e-10  0.0006520140754223185  1.008005045274936  0.02547346850848348  
2.211512399725489e-06  0.007578816574597183  9.974233085957212e-10  0.0006646905850636485  1.008029830689969  0.02565263922792236  
2.294676367231936e-06  0.007596188188931078  1.05284903417246e-09  0.000666778612260561  1.008055010639542  0.02583325486853968  
2.380967717380358e-06  0.007614056074642565  1.110930805589911e-09  0.0006793726770987461  1.008080644007558  0.02601573953346955  
2.470504055456826e-06  0.007632046845499311  1.172188381385196e-09  0.000688389148275316  1.008106520214121  0.02619979047419239  
2.563407409296515e-06  0.007650199190008387  1.236745588137838e-09  0.0007013544319889256  1.008132660769722  0.02638590080866133  
2.659804395593759e-06  0.007668670990151291  1.304728237313792e-09  0.0007081367175979814  1.008159206399249  0.02657884307511188  
2.759826392466181e-06  0.007687569760812563  1.376218514144271e-09  0.0007213261724018215  1.008186231023674  0.0267809166049716  
2.863609718508116e-06  0.007706663709977565  1.451613467791001e-09  0.0007309792850160683  1.008213581066211  0.02697963003422017  
2.971295818577334e-06  0.007726022846210118  1.531063365342095e-09  0.0007445749352418655  1.008241307576788  0.02717377812860895  
3.083031456568277e-06  0.007745660889448752  1.61483022831792e-09  0.000754048849085765  1.00826944089334  0.0273637096342228  
3.198968915434538e-06  0.007765684172053955  1.703065224274753e-09  0.0007680351914571289  1.008298063594704  0.02754781699073582  
3.31926620473319e-06  0.007785972513732588  1.795759089990644e-09  0.0007710997864151739  1.008326983381565  0.02772555850038513  
3.444087275973823e-06  0.00780663306168861  1.892882383038808e-09  0.0007850707381049178  1.008356236550614  0.02789436083986409  
3.573602246065788e-06  0.007827515732111649  1.9949445576308e-09  0.0007891481424154464  1.008385760444384  0.02805806181361155  
3.707987629168172e-06  0.007848715522252006  2.101939120914411e-09  0.0008031761129760781  1.008415583411557  0.02821447967152738  
3.847426577258506e-06  0.007870227593497283  2.214312073412546e-09  0.0008065402198495606  1.008445758283674  0.02836815896353809  
3.992109129748054e-06  0.007892192966322681  2.332022882961935e-09  0.0008205894928472652  1.008476351066006  0.02851786300301705  
4.142232472483898e-06  0.007914311247458304  2.455859557333524e-09  0.0008277900192407826  1.008507194330107  0.02866609257598712  
4.298001206490799e-06  0.007936655215053406  2.585920235872501e-09  0.0008420997824221274  1.0085383116855  0.02881214589622761  
4.459627626819096e-06  0.007959366048416312  2.721960322322053e-09  0.0008373630986597586  1.008569722013106  0.02895407895525581  
4.627332011878693e-06  0.007982627483706921  2.863555069494439e-09  0.0008512304055130302  1.008601462497521  0.02908982821637805  
4.801342923653455e-06  0.008005987221384618  3.012410960519096e-09  0.0008580866909556505  1.008633397304026  0.02922450868644379  
4.981897519205165e-06  0.008029496988017958  3.168620381425825e-09  0.0008722123297682165  1.008665523796922  0.02935755796920932  
5.169241873891604e-06  0.008053420697148794  3.332215060218757e-09  0.0008707758894286361  1.008698044249598  0.0294921173713299  
5.363631316739246e-06  0.008077986882459209  3.502839777264471e-09  0.0008846884240601842  1.008731059319846  0.02962902061521767  
5.565330778427652e-06  0.008102652781500894  3.682136284398152e-09  0.0008914638897323714  1.008764273165085  0.02976328628132666  
5.774615152359826e-06  0.008127476080518958  3.870192815586671e-09  0.0009056452191397024  1.008797684001475  0.02989338848192786  
5.991769669310625e-06  0.00815263505171122  4.066967042511061e-09  0.0009025301872637953  1.008831393960509  0.03001207915007834  
6.217090286163834e-06  0.008178332944516803  4.271895318578477e-09  0.0009164336440063519  1.008865454270081  0.03011244860498816  
6.450884089267699e-06  0.008204181411228671  4.486641293245061e-09  0.0009174121056975633  1.008899689380549  0.03021162513128863  
6.693469712958667e-06  0.00823027577291204  4.710878521563635e-09  0.0009312858524196494  1.008934077944817  0.03030885354351309  
6.945177773823704e-06  0.008256644614270427  4.944916212039773e-09  0.0009226219398197285  1.008968637362775  0.03040383079563154  
7.20635132129306e-06  0.008283469419200301  5.187627194423917e-09  0.000935969508084744  1.009003338179844  0.0304950684375153  
7.477346305177596e-06  0.008310479744133823  5.441966284826718e-09  0.0009381432842923988  1.009038273544597  0.03058634173349144  
7.758532060787827e-06  0.008337803586979366  5.707649770908101e-09  0.0009515664208353937  1.009073464627778  0.03067767528279002  
8.050291812295972e-06  0.008365333202515481  5.98592911394135e-09  0.0009526705606892161  1.009108899926991  0.0307690785625276  
8.35302319502677e-06  0.008393216606743864  6.276372855446571e-09  0.0009661245323065447  1.009144605979059  0.03086060173106468  
8.667138797389225e-06  0.008421321197915915  6.579660818893622e-09  0.0009593351604224155  1.009180471474923  0.03094458728678025  
8.993066723187614e-06  0.008449812721021873  6.894473778583027e-09  0.0009724346908342738  1.009216455957506  0.03101538696874418  
9.33125117507824e-06  0.00847846111933691  7.223660733490204e-09  0.0009698736014614488  1.009252597470182  0.03108160060100267  
9.682153059967076e-06  0.008507388761701599  7.566273744742103e-09  0.0009828588185409417  1.009288854794915  0.031139650884169  
1.00462506171734e-05  0.008536555176644801  7.92356274158682e-09  0.0009731119359401536  1.00932526362555  0.03119381887657425  
1.042404007021556e-05  0.008566154111033342  8.293568112486034e-09  0.0009856567983413172  1.00936177347326  0.03124095437697505  
1.081603630310709e-05  0.008595862662204365  8.680685416234026e-09  0.0009856332119919809  1.009398438131902  0.03128691993560849  
1.122277356208507e-05  0.008625773295691327  9.084145986213358e-09  0.0009982324243836742  1.009435211883752  0.03133072866626982  
1.164480618372685e-05  0.008655919854820785  9.503810130575298e-09  0.0009815909652859337  1.009472061401587  0.03136401078839182  
1.208270935044776e-05  0.008686509100632553  9.936261731946706e-09  0.0009934906557057858  1.009508862882699  0.03137754096935375  
1.25370798744092e-05  0.008717182337645913  1.038841697718832e-08  0.0009927099484404801  1.009545797699537  0.0313899762861346  
1.300853701090571e-05  0.00874801599766588  1.085926214735125e-08  0.001004674500034868  1.009582795661071  0.03140032041479191  
1.349772330233942e-05  0.008779058841721671  1.134779131585159e-08  0.0009812897109986863  1.009619777758658  0.03140794683893782  
1.40053054539322e-05  0.008810508424948071  1.18486862368113e-08  0.0009923445543225011  1.009656522549794  0.03141028893593181  
1.453197524236895e-05  0.008842041278830584  1.237183809248773e-08  0.0009897298800776017  1.009693394098124  0.03141281801216596  
1.507845045861051e-05  0.008873738978830776  1.291573584663452e-08  0.00100082116968408  1.009730308152307  0.03141571724042248  
1.564547588616096e-05  0.008905580555684285  1.348194183924599e-08  0.0009882965281423064  1.009767295593139  0.03141924617914554  
1.623382431612278e-05  0.008937712149411825  1.406656482162297e-08  0.0009990250952727322  1.009804209442206  0.03142404444407539  
1.684429760042315e-05  0.008969938516235855  1.467599825979112e-08  0.0009910747504169649  1.009841212499155  0.03142777426203444  
1.747772774464681e-05  0.009002359424011412  1.530713122300007e-08  0.001001658806360563  1.009878167277678  0.0314293108764633  
1.813497804196495e-05  0.009034897833782168  1.596377696666948e-08  0.000987873283656871  1.009915173339478  0.03142912823145978  
1.881694424970556e-05  0.009067681892339237  1.664096536847599e-08  0.0009981031618076612  1.009952042559387  0.03142535131562813  
1.952455581016861e-05  0.009100551141882338  1.7346550277194e-08  0.0009892269233852569  1.00998899902494  0.03142824934402562  
2.025877711735017e-05  0.009133601800098713  1.807657272949458e-08  0.0009993247511738534  1.010025885308861  0.03144536123280317  
2.102060883130158e-05  0.009166734084626585  1.883729000295448e-08  0.0009908487874665311  1.010062868452291  0.0314682382287967  
2.18110892419152e-05  0.009200043438374031  1.962449301124253e-08  0.001000849122177474  1.010099791855043  0.0315036212784961  
2.26312956839953e-05  0.009233445560168837  2.044673061405999e-08  0.0009998917137421636  1.010136917058202  0.03154353901762235  
2.348234600554276e-05  0.009267052710930253  2.130203470101818e-08  0.001010094864033428  1.010174203755208  0.03159347898656023  
2.436540009125466e-05  0.00930073373280923  2.21953513652143e-08  0.001008538134205287  1.010211671016092  0.03164543062884267  
2.5281661443315e-05  0.009334581116175911  2.31242003530288e-08  0.00101892806510496  1.010249244118245  0.03170191266110721  
2.623237882163124e-05  0.009368513629867337  2.40929576240569e-08  0.001012248453570912  1.010286957122464  0.03178435039403976  
2.72188479457518e-05  0.00940264152495752  2.509663925308227e-08  0.001022639440247885  1.010324673173876  0.03192635868682532  
2.824241326078436e-05  0.009436832320888409  2.614452567367479e-08  0.001019290686697163  1.010362550864565  0.03207291350909801  
2.930446976972144e-05  0.009471170259204881  2.723266648124847e-08  0.001029820567386365  1.010400471034658  0.03223010391571123  
3.040646493467069e-05  0.009505656777953189  2.838619980010019e-08  0.001079364546272189  1.010439214817702  0.03242946895615713  
3.154990064958089e-05  0.009540497611440105  2.962768649490425e-08  0.001092123516138517  1.010479571455887  0.03272940642208899  
3.273633528715248e-05  0.009575415414018467  3.092923430741629e-08  0.001099544135543856  1.010520213725623  0.03303514912325347  
3.396738582272209e-05  0.009610520352174542  3.229102992705674e-08  0.001112853095329157  1.010561168426642  0.03335500614008713  
3.524473003801588e-05  0.009645792015803364  3.373177246053068e-08  0.00115490911913447  1.010602864815741  0.03371359584671568  
3.657010880777493e-05  0.009681477034140117  3.52726703276783e-08  0.001170290634929699  1.010645998920391  0.03416821370944113  
3.794532847236942e-05  0.009717303158346282  3.690144698532748e-08  0.001207705151465454  1.010689793013381  0.03465185142677934  
3.937226329963483e-05  0.009753486076883417  3.863714036126835e-08  0.001225030067506142  1.010734814990267  0.03520886752056691  
4.085285803928565e-05  0.009789924447397919  4.049398448712828e-08  0.001314581499780564  1.010781139907726  0.03583450891429754  
4.238913057338783e-05  0.009827021699923012  4.253049255100993e-08  0.001336620848360044  1.010830356563736  0.03663715412692279  
4.398317466650229e-05  0.009864409623262628  4.471374685695042e-08  0.001437511766738948  1.010881019888347  0.03746193911263524  
4.563716281924763e-05  0.009902562441178299  4.711443402734647e-08  0.001465357896830982  1.010934932358957  0.03834498447916831  
4.735334922917121e-05  0.009941060377909637  4.970266010808648e-08  0.001598253813613154  1.010990672726712  0.03925396674756937  
4.913407286296367e-05  0.009980485036927354  5.258103797152511e-08  0.001634520686916163  1.011050639308855  0.0402325954796335  
5.09817606442043e-05  0.01002037467164331  5.567626104634239e-08  0.001753709444982072  1.011112456630815  0.0412834398447449  
5.289893076098157e-05  0.01006153861312636  5.908101333131585e-08  0.001798097366085514  1.011178404539931  0.04253219749925391  
5.488819609789677e-05  0.01010303728833131  6.273238235099476e-08  0.00189884615023193  1.011245949367991  0.04381493299825071  
5.695226779712831e-05  0.01014547242720902  6.670489369767331e-08  0.001950308368313985  1.011316714526563  0.04519272619524475  
5.909395895340977e-05  0.01018900058705845  7.111483881093469e-08  0.002319711910097687  1.011392420362454  0.04667264130701131  
6.131618844795769e-05  0.0102356509117077  7.636211914480466e-08  0.002402826858186408  1.011481033592492  0.04844426303366444  
6.362198492657482e-05  0.01028272150517847  8.206725816012722e-08  0.002599859014614645  1.011572641306562  0.05022238042380738  
6.601449092734883e-05  0.01033101807411631  8.84080950983921e-08  0.00270076085730337  1.011670240627475  0.05201944645747471  
6.84969671635744e-05  0.01038083621416849  9.53797083735298e-08  0.003025043931291855  1.011773302367389  0.05391349759094517  
7.107279696773412e-05  0.01043518822358718  1.03343755349042e-07  0.003158771336381366  1.011889243217314  0.0560965380256145  
7.374549090259546e-05  0.01048995732218816  1.120094779946693e-07  0.003354254261824492  1.012008822769062  0.05826904237174858  
7.651869154570818e-05  0.0105459961943323  1.215226591607875e-07  0.003506725783136937  1.012134139649297  0.06040947097234978  
7.939617845382276e-05  0.01060472016640661  1.322256417365132e-07  0.004214839366380623  1.012270110671485  0.06275423249753576  
8.238187331399601e-05  0.01067179787221825  1.451668288387678e-07  0.004454613487912499  1.012433918870432  0.06573470326647361  
8.547984528840405e-05  0.01073979513134282  1.594303877875797e-07  0.00480578040033528  1.012604917690347  0.06869153015574039  
8.869431656014705e-05  0.01081071671851723  1.75329123370652e-07  0.005087030023227549  1.012787496405993  0.07157316568900692  
9.20296680876041e-05  0.01088466960376757  1.93091775355671e-07  0.005770002139947011  1.012982816640133  0.07452402506535137  
9.549044557518078e-05  0.01096847886208437  2.13705188045948e-07  0.006144027501629014  1.0132064534234  0.0776999682194596  
9.908136566858666e-05  0.0110542024506539  2.365722752802635e-07  0.006654932575423652  1.013441859036571  0.08090524279115142  
0.0001028073223830865  0.01114629193201663  2.621851966852812e-07  0.007095214225335112  1.013696549935122  0.08420805573664256  
0.0001066733937734857  0.0112416149869838  2.907017152090482e-07  0.007774589289617139  1.013966771700628  0.087591784042046  
0.0001106848488549412  0.01134793818658314  3.229534092817305e-07  0.008307532633699991  1.014265712503689  0.09125077457150491  
0.0001148471547840289  0.0114581704242208  3.589959100707865e-07  0.009186372551393611  1.014584028533165  0.09497959653545254  
0.0001191659843098559  0.01158201029977161  4.000858194127045e-07  0.009845051763162208  1.014939393043931  0.09895150666230623  
0.0001236472235053715  0.01170968725777826  4.461128495080976e-07  0.01089676603111859  1.015317636040298  0.1029702948615055  
0.0001282969797894147  0.01185103647401043  4.986626582957177e-07  0.01171073679475655  1.015737820551969  0.1071561185929684  
0.0001331215902504308  0.01199804091357073  5.572468464687408e-07  0.01257568018989028  1.016184039934619  0.1114657944505542  
0.0001381276302832009  0.01216567774343029  6.225203275127848e-07  0.0135069754502295  1.016672526418358  0.116227329634923  
0.0001433219225503574  0.01233667296687091  6.95289283692338e-07  0.0145356366285932  1.017187914642394  0.1209979397507542  
0.0001487115462808954  0.01252021785284286  7.765036740832549e-07  0.015607094319223  1.017741760453285  0.1258024611174877  
0.0001543038469183565  0.01271392992682169  8.681350084962974e-07  0.01776186451576631  1.018340069688299  0.130890882801728  
0.0001601064461318318  0.01294656873062945  9.752829451101169e-07  0.01917751220397436  1.019038034556478  0.1370662629400045  
0.0001661272522034293  0.01318271128561525  1.095739132450915e-06  0.02105904148582596  1.019778493241421  0.14320674662736  
0.000172374470806362  0.01343260309483378  1.23259533191871e-06  0.02276481402106214  1.020583286871571  0.1492102913167391  
0.0001788566161883462  0.01369660878636986  1.386063897228456e-06  0.02459317737822807  1.021446190136879  0.1553378034629573  
0.0001855825227755519  0.01401740162404541  1.55806984958293e-06  0.02656585847919133  1.022412965097807  0.1619640981503321  
0.0001925613572129199  0.01434302104609765  1.751027056629488e-06  0.0288351631293293  1.023436367094201  0.168535395830731  
0.0001998026308572551  0.01468855944389335  1.968139498060421e-06  0.03114376117374946  1.024538977777306  0.1748797247144985  
0.0002073162127401231  0.01505126968020567  2.211475887444139e-06  0.03367223037580652  1.02571843293876  0.181401793174582  
0.0002151123430182167  0.0154866977266987  2.48435797652588e-06  0.0363478265016468  1.027035816394964  0.1886765377537403  
0.0002232016469295235  0.01593129280548129  2.789956621242529e-06  0.03922972586952224  1.028431006224368  0.1959391394311225  
0.0002315951492743155  0.01641573812371775  3.132117153803285e-06  0.04231771272564806  1.029939843285754  0.2031489543910423  
0.000240304289440697  0.01691884137907862  3.514326380876323e-06  0.04519575984281411  1.031543325981729  0.2104833360404283  
0.0002493409369951881  0.01750524246685408  3.938353132807405e-06  0.04866905498662666  1.033300294736524  0.2183738421506488  
0.0002587174078595924  0.01810661371598705  4.412359389856957e-06  0.05257337730112636  1.035161358606797  0.2263211760169065  
0.0002684464810961965  0.01877665435286101  4.943308997172066e-06  0.0565951120405592  1.037191159087608  0.2345291835740207  
0.0002785414163241769  0.01946639895527508  5.53654894450797e-06  0.0610650886017383  1.03934333150474  0.2428271733834127  
0.0002890159717909511  0.02024905415848151  6.200370651719825e-06  0.06570871966725383  1.041702438251056  0.2515494587541545  
0.0002998844231231031  0.02105451020718568  6.940516721621264e-06  0.07020505786401821  1.04419848230597  0.2603560081691975  
0.0003111615827824363  0.02197054103784703  7.761586416255342e-06  0.07543764465619048  1.046914450716061  0.2695712037603798  
0.0003228628202536733  0.02290860389344436  8.676348603852568e-06  0.08076578844653988  1.049781777450671  0.2787970246959872  
0.0003350040829913136  0.02395661355637031  9.692774304857734e-06  0.08669625952494087  1.052889915557675  0.2880758694775503  
0.0003476019181541981  0.02503577472607171  1.082453479103675e-05  0.09296637283972588  1.056176381914076  0.2975384665308457  
0.0003606734951574031  0.02627499178839612  1.208366730112826e-05  0.09971744910804577  1.059778056092733  0.3079451795168177  
0.0003742366290721985  0.02753857797522147  1.348563661519394e-05  0.107318667188782  1.063573630579846  0.3183154506703401  
0.0003883098049059609  0.02893115264055199  1.505028509519095e-05  0.1150764119352353  1.067689599903648  0.3284928311633259  
0.0004029122027951352  0.03036560034593103  1.678848004830274e-05  0.1223188419826089  1.072033437487213  0.3388620374931111  
0.0004180637241455762  0.03202851925134193  1.870697051793993e-05  0.1309598250249606  1.076775215598107  0.3502779000742737  
0.0004337850187558993  0.03372072204667512  2.083911680956639e-05  0.1406900973273561  1.081760916863299  0.3615992159604835  
0.0004500975129608051  0.03557773879737641  2.321446551875173e-05  0.1505834069304075  1.087154263550965  0.3723884094133892  
0.0004670234388327331  0.0374848435831607  2.584876091010396e-05  0.1598200062653995  1.092832731420888  0.3834197215402755  
0.0004845858644816491  0.03968293000500456  2.875166346088257e-05  0.1708060130552971  1.099015373578524  0.3958575988829608  
0.0005028087254942475  0.04191988664404846  3.197197228263443e-05  0.1831514808673289  1.105506635762626  0.4082048289339938  
0.0005217168575554344  0.04439009788052137  3.555299768641195e-05  0.1956804922335577  1.112536252584051  0.4200080975913084  
0.0005413360302965375  0.04691816265430328  3.951943081067677e-05  0.2079874403599583  1.11992167359561  0.4319397117945327  
0.0005616929824163804  0.04980511526071614  4.389511540989416e-05  0.2219620082507047  1.127952994589846  0.4446675029809054  
0.0005828154581230839  0.05274321367842884  4.873836997403376e-05  0.2363717849950773  1.136368946823861  0.4573348406025677  
0.0006047322449462643  0.05600956503995223  5.408997685721308e-05  0.2520429280016173  1.145454070950199  0.4696141882779186  
0.0006274732129711574  0.05933810213748873  6.000246126061237e-05  0.2661488784225886  1.15496363645551  0.4819193427181275  
0.0006510693555481455  0.06307991061584545  6.648485243516846e-05  0.2833552546432185  1.165196300933731  0.4943960026840593  
0.000675552831533164  0.06688696044116038  7.363921131930208e-05  0.2998225059555976  1.17589281147457  0.5068312300714066  
0.0007009570091165618  0.07114339039306405  8.149659095122062e-05  0.3188286481460001  1.187408139716184  0.5189810712998635  
0.0007273165113001454  0.07547266144922084  9.01579744683364e-05  0.3368118127092994  1.199432413589552  0.5310836737150921  
0.0007546672630843887  0.08032245645503264  9.965525220692201e-05  0.3577319986348861  1.212374364735276  0.5428487066509641  
0.0007830465404301183  0.08524717600273618  0.0001100966650054034  0.3729245005489205  1.225847586477609  0.5545398100452066  
0.0008124930210614048  0.09072795023199476  0.00012140495114116  0.3951921905560043  1.240150712020843  0.5656822431814792  
0.0008430468371788967  0.09628945987968013  0.0001338259158445961  0.4154503145674689  1.255030243834721  0.5767160275394971  
0.0008747496301554416  0.1024739504738684  0.0001473803741030701  0.4397054084729185  1.27095687292664  0.5869114423190562  
0.0009076446072885356  0.1087404524299046  0.000162214950629736  0.4520190699016454  1.287461230724761  0.597029822919936  
0.0009417766006869519  0.1156657117866182  0.000178068112137818  0.4769640476851607  1.304742518332811  0.6065294254129219  
0.0009771921283717997  0.1226824070875802  0.0001954162655304703  0.50139530554402  1.32265972972123  0.6159112683014  
0.001013939457675292  0.1304646500935923  0.0002143409433524415  0.5286454990533167  1.341858872628211  0.624307168563925  
0.001052068671023623  0.1383319106481815  0.0002349477484518283  0.533423519615209  1.361651694729608  0.6326019748129285  
0.001091631734193615  0.146942147016919  0.0002565798791524376  0.5601632969374331  1.381984671996254  0.6400133116105235  
0.001132682567136154  0.1556525711727276  0.0002801398351967653  0.5860737780318463  1.402976793620208  0.6473171056125298  
0.001175277117462945  0.1652782624753327  0.0003057194556445216  0.6150356633055716  1.425403684047799  0.653638440668642  
0.001219473436696738  0.1749829577024526  0.000333451313434904  0.6172870027658639  1.448421725125008  0.6598701702524445  
0.001265331759388943  0.1854433718547575  0.0003624027026582147  0.6453769265500159  1.471852607985231  0.6652447708817032  
0.001312914585212465  0.1960056284643307  0.0003937772734019949  0.6677554894031005  1.495931669226739  0.6705348264690485  
0.001362286764141647  0.2075897491777572  0.0004274773870845964  0.6974059297682721  1.521383730251883  0.6749765762926958  
0.001413515584835396  0.2192590283353055  0.0004638724833914475  0.7010416970131153  1.547428373171688  0.6793493156209155  
0.001466670866343969  0.2318263352791933  0.0005019064219466831  0.730012463643627  1.57403427944993  0.6829943133483705  
0.001521825053264387  0.2444880336457249  0.0005429362247947038  0.7464494019207868  1.601254551341093  0.6865820918205086  
0.001579053314474176  0.2581981118681701  0.0005865049995271492  0.7761805422845096  1.629626355709611  0.6895343515880437  
0.001638433645577985  0.2719920127796236  0.0006334031220121097  0.7842993105006391  1.658582659109195  0.6924422873395728  
0.001700046975206718  0.2867687730702047  0.0006826378946592116  0.8138776362019124  1.688309380250313  0.6948305037243423  
0.001763977275314045  0.3016294908153839  0.0007355495074150035  0.8239422024348473  1.718613041402254  0.6971799187890456  
0.001830311675620613  0.3175321906831193  0.0007911888911688109  0.8535856494240295  1.749802225184505  0.6990477770696069  
0.001899140582361935  0.3335240774713886  0.0008509105461765808  0.8668591572449134  1.781574397747476  0.7008801020479659  
0.0019705578015018  0.3506909343711882  0.0009138921518414607  0.8968871873876137  1.814464263499096  0.7022443026892484  
0.002044660666579118  0.3679249807593152  0.000981367164363545  0.9003949929682113  1.847890766967474  0.7035964725785855  
0.002121550171362452  0.3861016828575119  0.001051733397701067  0.9299020076153881  1.881839852002787  0.7047798533120524  
0.002201331107493032  0.4043697678435467  0.0011270778018481  0.9484300778742801  1.916368075600013  0.7059376038368537  
0.002284112207303826  0.4240081663084765  0.001206848520552168  0.9788122306988677  1.952374731091533  0.7067110217887576  
0.00237000629200933  0.4436984762872516  0.001292117995301941  0.9802327352709677  1.988894495242316  0.707487056209453  
0.002459130425468047  0.4642242159425624  0.001380807832692142  1.009991409985608  2.0257266960029  0.7083051983537416  
0.002551606073727186  0.4848426982835907  0.001475595176299045  1.034266879655601  2.063143240633222  0.7090998310655865  
0.002647559270567069  0.5070705680070378  0.001576330590371036  1.065379413415253  2.102460672355262  0.7094864986247047  
0.002747120789270815  0.5293346321950386  0.00168381963461703  1.062071812486496  2.142274420351924  0.7098834890171443  
0.002850426320853438  0.5522796473673832  0.001795098573339307  1.092259732519469  2.182044591722037  0.7104746898668438  
0.002957616658993256  0.5753066562130869  0.001913814324367659  1.116787464042473  2.22238656717731  0.7110502175597736  
0.003068837891917645  0.6000167176158923  0.002039781002253822  1.148332255752276  2.264692100967344  0.7113040283994529  
0.003184241601504656  0.6247673590275202  0.00217405622528825  1.155794163527356  2.307522155102334  0.7115696938683059  
0.003303985069871862  0.6504336378150954  0.002314346823122438  1.187354986787131  2.350904969912306  0.7121028442851396  
0.003428231493733974  0.6761634557944257  0.002463839996676079  1.208727618389268  2.394854711381867  0.7126274849312745  
0.00355715020682139  0.7034834538605578  0.002621775683150635  1.241393777634826  2.440527303772482  0.7129391535905931  
0.003690916910662775  0.7308441815420958  0.002789988252788918  1.253995265269947  2.486750727346164  0.7132531464170576  
0.003829713914046277  0.7593479760070256  0.002966340108180957  1.287114089134757  2.533907166264367  0.7136323664310857  
0.003973730381485604  0.7878979703700324  0.003154103593675493  1.307227579868629  2.581636672011967  0.7140119327867145  
0.004123162591029748  0.8179220051435794  0.00335199953985438  1.341371553442679  2.630890076581487  0.7144025494159731  
0.004278214201767613  0.8479844696719779  0.003562645287860107  1.360454853344818  2.680725683608424  0.7147945655300182  
0.004439096531392166  0.8794656230046433  0.00378434541623834  1.39555848801527  2.731969142465508  0.7152382456061706  
0.004606028844202398  0.9109785436931581  0.004020276097725893  1.416945323216219  2.783807662595922  0.7156848371740488  
0.004779238649935595  0.9438805633805338  0.004268847004433673  1.453185650201668  2.837087058622449  0.716258740258217  
0.004958962013837212  0.9768155301678471  0.004533338260038646  1.478436093650154  2.890986327885005  0.7168305835634541  
0.005145443878390925  1.011513847332176  0.004812554913055669  1.516094703927023  2.946817977898389  0.7172921861506284  
0.00533893839714735  1.046229972035485  0.005109623133656303  1.537958380404449  3.003278499957521  0.7177580974944999  
0.005539709281106401  1.08217134560262  0.005422304723153896  1.576810713331029  3.060978074982279  0.7185204731197504  
0.005748030158125351  1.118134400985448  0.005754940497622044  1.605931512041498  3.119336611013335  0.7192803438597184  
0.00596418494584246  1.15617885649647  0.006106458469123699  1.64649234999359  3.180033502952465  0.7197997518717425  
0.006188468238624383  1.194231007483362  0.006480415166798698  1.674566785048708  3.241406967174352  0.720322281949115  
0.006421185709064759  1.233498232633663  0.006875032328656056  1.716775719759158  3.304177798706733  0.7213377693178524  
0.00666265452458115  1.272770822224799  0.007294836324740421  1.750072076405101  3.367655195686893  0.7223525521276389  
0.006913203779678127  1.31439354246528  0.007738861163328402  1.794297642857955  3.433825488920751  0.7230586717168175  
0.007173174944465613  1.356016262705761  0.008211263757364431  1.839929254286998  3.500734441327592  0.7237647913059959  
0.007442922330043758  1.398966814320925  0.008710254389148337  1.872898767313923  3.569240263768184  0.7248856174159746  
0.007722813571388642  1.441919678589462  0.009241140378262309  1.920575300412398  3.638522483103447  0.7260071658107642  
0.008013230128396887  1.487250660287241  0.009802830240983633  1.958243588290386  3.710581337668495  0.7269192263191306  
0.008314567805772064  1.532595406579826  0.01040047026051612  2.008294355224701  3.783468633363304  0.7278300743071067  
0.00862723729246145  1.579656388196248  0.01103308899928065  2.0486415790232  3.858523379477623  0.7290623301381181  
0.008951664721378302  1.626734304228312  0.01170626763863801  2.101265379721446  3.93445392990656  0.7302977573605628  
0.009288292250172499  1.676166204601913  0.01241916901472101  2.144434882957578  4.013243966608203  0.7314611512458401  
0.009637578663841089  1.725631012678064  0.01317787485460548  2.199842596416174  4.092973922577945  0.7326235381356195  
0.01  1.77722905830374  0.01398191463013905  2.246620644951006  4.175420521317646  0.733913861052782  
