# PlotEOS table
# Tabulated(filename=/Users/mbdeaton/EsOS/SpecialTables/GShenFSU21_ColdTable-T0.1.dat;)
# slice Temp = 0, global minimum enthalpy = 0.9911592516007349
# (Recall that for a barotropic (1D) EOS, the temperature is defined to be absolute zero,
# even if the EOS was derived from a tabulated EOS, sliced at some temperature != 0.)
# Units are geometric, with Msun=1.
# Conversion to cgs: rhoscale=6.177e17, Energypermassscale=8.989e20, Pscale=5.552e38
# [1] rho
# [2] eps, specific energy (E/rho)
# [3] P
# [4] dP/drho
# [5] h, specific enthalpy (1+eps+P/rho)
# [6] cs, adiabatic relativistic sound speed (nonrelcs/sqrt(h))
# [7] Wmax for SS^2 < 0.999 SSmax 
# [8] Wmax for SS^2 < 0.9999 SSmax 
# [9] Kappa/rho/cs^2 with kappa = dP/deps
1e-14  -0.009017260670000003  8.820430046657701e-21  1.08724138874886e-06  0.9909836213730047  0.0156996329  0.8025511539068421  5.560126078691792e-05  2704.779818532918 
1.056934553557987e-14  -0.009017260669999985  9.624391011586152e-21  1.122971467811939e-06  0.9909836499247932  0.0156996329  0.8025511667019732  5.740107888415813e-05  2704.779818532918 
1.117110650504822e-14  -0.009017260669999935  1.050163108305586e-20  1.159875482360618e-06  0.9909836794008049  0.0156996329  0.8025511799119941  5.925915446208119e-05  2704.779818532918 
1.180712846666191e-14  -0.009017260669999947  1.145882947521998e-20  1.197991994399776e-06  0.990983709830957  0.0156996329  0.8025511935500915  6.117737978473506e-05  2704.779818532918 
1.247936205471311e-14  -0.009017260669999977  1.250327419652235e-20  1.23736083236911e-06  0.990983741246135  0.0156996329  0.8025512076303601  6.315769466755647e-05  2704.779818532918 
1.318986896198669e-14  -0.009017260669999997  1.364291753983192e-20  1.278023132726224e-06  0.9909837736782243  0.0156996329  0.8025512221671384  6.520211420500102e-05  2704.779818532918 
1.394082826282576e-14  -0.009017260669999933  1.488643663036864e-20  1.320021382894789e-06  0.9909838071601426  0.0156996329  0.8025512371753942  6.731271314772816e-05  2704.779818532918 
1.473454309619837e-14  -0.009017260669999996  1.624329949242754e-20  1.363399465622614e-06  0.9909838417258725  0.0156996329  0.8025512526700749  6.949162944327184e-05  2704.779818532918 
1.557344772926135e-14  -0.009017260669999971  1.772383713792503e-20  1.408202704795886e-06  0.9909838774104974  0.0156996329  0.8025512686673367  7.174107913266693e-05  2704.779818532918 
1.64601150230855e-14  -0.009017260669999978  1.933932222564367e-20  1.4544779127574e-06  0.9909839142502359  0.0156996329  0.8025512851833173  7.406334271123386e-05  2704.779818532918 
1.739726432343799e-14  -0.009017260670000025  2.110205489007678e-20  1.502273439178101e-06  0.990983952282479  0.0156996329  0.8025513022348368  7.646077938219406e-05  2704.779818532918 
1.838776980082331e-14  -0.009017260669999997  2.30254563933662e-20  1.551639221532952e-06  0.9909839915458284  0.0156996329  0.8025513198395211  7.893582132429111e-05  2704.779818532918 
1.943466926536022e-14  -0.009017260669999983  2.512417131338796e-20  1.602626837233751e-06  0.9909840320801349  0.0156996329  0.8025513380151552  8.14909790964523e-05  2704.779818532918 
2.054117348353064e-14  -0.009017260669999964  2.741417904603734e-20  1.655289557473335e-06  0.9909840739265394  0.0156996329  0.8025513567803298  8.412884921209626e-05  2704.779818532918 
2.171067602537263e-14  -0.009017260669999947  2.991291547067744e-20  1.709682402837277e-06  0.9909841171275148  0.0156996329  0.8025513761542882  8.685210733227938e-05  2704.779818532918 
2.294676367231941e-14  -0.009017260669999996  3.263940570510129e-20  1.765862200741117e-06  0.9909841617269084  0.0156996329  0.8025513961566227  8.966351770263846e-05  2704.779818532918 
2.425322741760355e-14  -0.009017260669999985  3.56144089607881e-20  1.823887644753025e-06  0.9909842077699873  0.0156996329  0.8025514168078949  9.256593295934662e-05  2704.779818532918 
2.563407409296515e-14  -0.00901726066999993  3.886057660136946e-20  1.883819355863827e-06  0.9909842553034837  0.0156996329  0.8025514381293587  9.556229914028123e-05  2704.779818532918 
2.709353865732049e-14  -0.00901726066999999  4.240262460774207e-20  1.945719945768221e-06  0.9909843043756422  0.0156996329  0.8025514601425073  9.86556590779586e-05  2704.779818532918 
2.86360971850811e-14  -0.009017260669999942  4.62675217629615e-20  2.009654082223249e-06  0.9909843550362698  0.0156996329  0.8025514828700684  0.0001018491502717223  2704.779818532918 
3.026648059395696e-14  -0.009017260669999975  5.048469498973593e-20  2.075688556552197e-06  0.9909844073367851  0.0156996329  0.8025515063351493  0.0001051460166611306  2704.779818532918 
3.198968915434538e-14  -0.009017260669999938  5.508625340393666e-20  2.143892353364288e-06  0.9909844613302714  0.0156996329  0.8025515305618467  0.0001085496019547601  2704.779818532918 
3.381100782480682e-14  -0.009017260670000023  6.01072327900499e-20  2.214336722562965e-06  0.9909845170715302  0.0156996329  0.8025515555747194  0.0001120633614737684  2704.779818532918 
3.573602246065781e-14  -0.009017260669999997  6.55858623599742e-20  2.28709525371779e-06  0.9909845746171373  0.0156996329  0.8025515813997293  0.000115690863426367  2704.779818532918 
3.777063694539372e-14  -0.009017260670000003  7.156385582624217e-20  2.362243952877586e-06  0.9909846340254993  0.0156996329  0.8025516080631345  0.0001194357862096229  2704.779818532918 
3.992109129748053e-14  -0.00901726066999999  7.808672900586314e-20  2.439861321904894e-06  0.9909846953569138  0.0156996329  0.8025516355921978  0.0001233019326172153  2704.779818532918 
4.219398080805024e-14  -0.009017260669999975  8.520414637299581e-20  2.520028440414567e-06  0.9909847586736301  0.0156996329  0.802551664015105  0.0001272932279124681  2704.779818532918 
4.459627626819086e-14  -0.009017260669999933  9.297029919905846e-20  2.602829050401863e-06  0.9909848240399126  0.0156996329  0.8025516933610692  0.000131413721705711  2704.779818532918 
4.713534534786917e-14  -0.009017260669999966  1.014443181594028e-19  2.68834964364837e-06  0.9909848915221058  0.0156996329  0.8025517236599783  0.000135667594749125  2704.779818532918 
4.981897519205165e-14  -0.009017260669999918  1.106907235480886e-19  2.776679551996885e-06  0.9909849611887019  0.0156996329  0.8025517549431187  0.0001400591674364768  2704.779818532918 
5.265539630332755e-14  -0.009017260669999942  1.207799165286589e-19  2.867911040589461e-06  0.9909850331104102  0.0156996329  0.802551787242361  0.0001445928960057678  2704.779818532918 
5.56533077842764e-14  -0.009017260670000004  1.317887151612327e-19  2.962139404165772e-06  0.9909851073602287  0.0156996329  0.80255182059095  0.0001492733810236054  2704.779818532918 
5.882190401699968e-14  -0.009017260670000022  1.438009392871825e-19  3.059463066522304e-06  0.9909851840135186  0.0156996329  0.8025518550230677  0.0001541053746464877  2704.779818532918 
6.217090286163834e-14  -0.00901726066999997  1.569080487246355e-19  3.15998368323603e-06  0.9909852631480806  0.0156996329  0.8025518905741147  0.00015909378054308  2704.779818532918 
6.571057546036271e-14  -0.009017260669999919  1.712098396339687e-19  3.263806247759815e-06  0.9909853448442333  0.0156996329  0.8025519272805536  0.0001642436612360894  2704.779818532918 
6.94517777382369e-14  -0.009017260669999944  1.868152043553327e-19  3.371039201000042e-06  0.9909854291848956  0.0156996329  0.8025519651799941  0.0001695602445723218  2704.779818532918 
7.340598369757196e-14  -0.009017260670000023  2.038429605035412e-19  3.481794544490854e-06  0.9909855162556706  0.0156996329  0.8025520043114088  0.0001750489260540999  2704.779818532918 
7.758532060787844e-14  -0.009017260669999992  2.224227556329648e-19  3.596187957282999e-06  0.9909856061449321  0.0156996329  0.8025520447152378  0.0001807152768099127  2704.779818532918 
8.20026061993413e-14  -0.009017260669999975  2.426960543604438e-19  3.71433891666912e-06  0.9909856989439149  0.0156996329  0.8025520864327743  0.0001865650490938436  2704.779818532918 
8.667138797389224e-14  -0.009017260669999954  2.64817215462094e-19  3.836370822871535e-06  0.9909857947468066  0.0156996329  0.8025521295070418  0.0001926041788056154  2704.779818532918 
9.160598475443691e-14  -0.00901726066999999  2.889546671448774e-19  3.962411127822349e-06  0.990985893650844  0.0156996329  0.8025521739822998  0.0001988387958045688  2704.779818532918 
9.682153059967096e-14  -0.009017260670000004  3.152921894413578e-19  4.092591468170333e-06  0.9909859957564114  0.0156996329  0.8025522199044475  0.0002052752279706206  2704.779818532918 
1.023340212191642e-13  -0.009017260669999956  3.440303134916393e-19  4.227047802653159e-06  0.9909861011671427  0.0156996329  0.8025522673207932  0.0002119200084516842  2704.779818532918 
1.081603630310709e-13  -0.009017260670000015  3.753878483665043e-19  4.3659205539784e-06  0.990986209990026  0.0156996329  0.8025523162800466  0.0002187798819641732  2704.779818532918 
1.143184250129148e-13  -0.009017260670000001  4.096035470567863e-19  4.509354755361043e-06  0.990986322335513  0.0156996329  0.8025523668328177  0.0002258618093935252  2704.779818532918 
1.208270935044778e-13  -0.009017260669999924  4.469379243136752e-19  4.657500201870492e-06  0.9909864383176307  0.0156996329  0.8025524190313622  0.0002331729813833216  2704.779818532918 
1.277063301308645e-13  -0.009017260670000025  4.876752401807737e-19  4.810511606744714e-06  0.9909865580540967  0.0156996329  0.8025524729292026  0.0002407208162729835  2704.779818532918 
1.349772330233942e-13  -0.00901726067000002  5.32125664320356e-19  4.968548762834764e-06  0.99098668166644  0.0156996329  0.8025525285823776  0.0002485129764176235  2704.779818532918 
1.426621015260736e-13  -0.009017260669999987  5.806276376127234e-19  5.131776709347743e-06  0.9909868092801227  0.0156996329  0.8025525860482968  0.0002565573690809487  2704.779818532918 
1.507845045861054e-13  -0.00901726066999993  6.335504490096771e-19  5.300365904062276e-06  0.9909869410246686  0.0156996329  0.8025526453863382  0.0002648621602508101  2704.779818532918 
1.593693530381776e-13  -0.009017260670000001  6.912970472619561e-19  5.474492401195913e-06  0.9909870770337936  0.0156996329  0.8025527066577  0.0002734357796018884  2704.779818532918 
1.684429760042315e-13  -0.009017260669999996  7.543071089289053e-19  5.654338035110146e-06  0.9909872174455429  0.0156996329  0.8025527699261029  0.0002822869277932122  2704.779818532918 
1.780332016430112e-13  -0.009017260669999918  8.230603860297955e-19  5.840090610044286e-06  0.9909873624024295  0.0156996329  0.8025528352570552  0.0002914245890120801  2704.779818532918 
1.881694424970552e-13  -0.009017260669999947  8.980803588255253e-19  6.031944096076272e-06  0.9909875120515796  0.0156996329  0.8025529027180371  0.0003008580384803112  2704.779818532918 
1.988827856988812e-13  -0.009017260670000018  9.799382215425829e-19  6.230098831514627e-06  0.9909876665448824  0.0156996329  0.8025529723791378  0.000310596849938658  2704.779818532918 
2.102060883130158e-13  -0.009017260669999978  1.06925723138612e-18  6.434761731932534e-06  0.9909878260391433  0.0156996329  0.8025530443127606  0.0003206509086976317  2704.779818532918 
2.221740781062883e-13  -0.009017260669999983  1.16671745395516e-18  6.646146506062186e-06  0.9909879906962435  0.0156996329  0.8025531185934618  0.0003310304189956931  2704.779818532918 
2.348234600554281e-13  -0.00901726066999994  1.273060941190928e-18  6.864473878774238e-06  0.9909881606833048  0.0156996329  0.8025531952985698  0.0003417459160344519  2704.779818532918 
2.481930289186258e-13  -0.009017260669999921  1.389097381282691e-18  7.089971821374943e-06  0.990988336172858  0.0156996329  0.8025532745078238  0.0003528082753299005  2704.779818532918 
2.623237882163124e-13  -0.009017260669999977  1.515710263548993e-18  7.322875789461261e-06  0.9909885173430192  0.0156996329  0.8025533563035058  0.0003642287258387962  2704.779818532918 
2.772590759860481e-13  -0.009017260669999959  1.653863605232889e-18  7.563428968581605e-06  0.9909887043776702  0.0156996329  0.8025534407711246  0.0003760188585305841  2704.779818532918 
2.930446976972138e-13  -0.009017260669999956  1.804609291428418e-18  7.811882527958561e-06  0.9909888974666448  0.0156996329  0.8025535279985894  0.0003881906400322428  2704.779818532918 
3.097290667331413e-13  -0.009017260670000023  1.969095084023703e-18  8.06849588253807e-06  0.9909890968059217  0.0156996329  0.8025536180768056  0.000400756424532738  2704.779818532918 
3.273633528715248e-13  -0.009017260670000025  2.148573360639868e-18  8.333536963638135e-06  0.9909893025978239  0.0156996329  0.8025537111001064  0.0004137289660160928  2704.779818532918 
3.460016392185109e-13  -0.009017260669999931  2.344410650103339e-18  8.607282498479522e-06  0.9909895150512232  0.0156996329  0.8025538071657061  0.0004271214314175158  2704.779818532918 
3.657010880777486e-13  -0.009017260669999982  2.558098037053347e-18  8.890018298889462e-06  0.9909897343817525  0.0156996329  0.8025539063738817  0.0004409474138553356  2704.779818532918 
3.865221162631269e-13  -0.009017260669999945  2.791262514904452e-18  9.182039559479703e-06  0.9909899608120252  0.0156996329  0.8025540088288267  0.0004552209464586379  2704.779818532918 
4.085285803928565e-13  -0.009017260670000023  3.045679373604164e-18  9.483651165609415e-06  0.9909901945718601  0.0156996329  0.8025541146377131  0.0004699565165561857  2704.779818532918 
4.317879727332022e-13  -0.009017260669999964  3.323285716505022e-18  9.795168011454443e-06  0.990990435898516  0.0156996329  0.8025542239118268  0.0004851690802839905  2704.779818532918 
4.563716281924754e-13  -0.009017260669999951  3.626195209266856e-18  1.011691532851399e-05  0.9909906850369311  0.0156996329  0.8025543367657515  0.0005008740781591418  2704.779818532918 
4.823549431001457e-13  -0.009017260669999956  3.956714173086064e-18  1.044922902489753e-05  0.9909909422399726  0.0156996329  0.8025544533182303  0.0005170874503798264  2704.779818532918 
5.09817606442043e-13  -0.00901726066999994  4.317359144784012e-18  1.079245603574554e-05  0.9909912077686931  0.0156996329  0.8025545736920703  0.0005338256534424138  2704.779818532918 
5.388438442608223e-13  -0.009017260670000022  4.710876037455077e-18  1.114695468514924e-05  0.9909914818925951  0.0156996329  0.8025546980140281  0.0005511056764797521  2704.779818532918 
5.695226779712819e-13  -0.009017260670000004  5.140261047561908e-18  1.151309505994687e-05  0.9909917648899055  0.0156996329  0.8025548264154623  0.0005689450579885655  2704.779818532918 
6.019481973827287e-13  -0.009017260669999999  5.608783467661852e-18  1.189125939578591e-05  0.9909920570478569  0.0156996329  0.8025549590319292  0.0005873619045852775  2704.779818532918 
6.362198492657496e-13  -0.009017260669999964  6.120010578458433e-18  1.228184247585362e-05  0.9909923586629799  0.0156996329  0.8025550960038242  0.000606374909778018  2704.779818532918 
6.724427423484249e-13  -0.009017260669999916  6.677834809703733e-18  1.268525204269206e-05  0.9909926700414037  0.0156996329  0.8025552374761483  0.0006260033704855326  2704.779818532918 
7.107279696773411e-13  -0.009017260669999996  7.286503376751273e-18  1.310190922352604e-05  0.9909929914991669  0.0156996329  0.8025553835989149  0.0006462672098035343  2704.779818532918 
7.511929493320953e-13  -0.009017260669999947  7.950650618409539e-18  1.353224896954811e-05  0.9909933233625385  0.0156996329  0.802555534527593  0.0006671869952319248  2704.779818532918 
7.939617845382291e-13  -0.009017260669999966  8.675333282312998e-18  1.397672050961796e-05  0.9909936659683487  0.0156996329  0.8025556904224713  0.0006887839598920709  2704.779818532918 
8.391656442830162e-13  -0.009017260669999971  9.466069026469504e-18  1.443578781884936e-05  0.9909940196643309  0.0156996329  0.8025558514496879  0.0007110800242915543  2704.779818532918 
8.869431656014705e-13  -0.009017260669999921  1.032887843013158e-17  1.490993010257324e-05  0.9909943848094747  0.0156996329  0.8025560177811684  0.0007340978187420148  2704.779818532918 
9.374408787662981e-13  -0.009017260669999921  1.127033083385693e-17  1.539964229618088e-05  0.9909947617743901  0.0156996329  0.8025561895944302  0.0007578607060742796  2704.779818532918 
9.908136566858686e-13  -0.009017260670000011  1.229759435778054e-17  1.59054355813687e-05  0.9909951509416838  0.0156996329  0.8025563670734056  0.0007823928048381418  2704.779818532918 
1.047225189888435e-12  -0.009017260669999924  1.341849047893126e-17  1.642783791932223e-05  0.9909955527063479  0.0156996329  0.8025565504085374  0.000807719015110124  2704.779818532918 
1.106848488549412e-12  -0.009017260669999968  1.464155358314041e-17  1.696739460139568e-05  0.9909959674761597  0.0156996329  0.8025567397964287  0.0008338650426341055  2704.779818532918 
1.169866413101306e-12  -0.009017260669999918  1.597609594496251e-17  1.752466881786029e-05  0.990996395672097  0.0156996329  0.8025569354410643  0.0008608574251722566  2704.779818532918 
1.236472235053712e-12  -0.009017260669999954  1.743227863035988e-17  1.810024224531482e-05  0.990996837728764  0.0156996329  0.8025571375529842  0.0008887235597575825  2704.779818532918 
1.306870229743348e-12  -0.009017260670000023  1.902118886199619e-17  1.869471565337013e-05  0.9909972940948336  0.0156996329  0.8025573463504364  0.0009174917298923881  2704.779818532918 
1.381276302832009e-12  -0.009017260669999923  2.075492443618982e-17  1.930870953124012e-05  0.9909977652335022  0.0156996329  0.8025575620595532  0.000947191135087802  2704.779818532918 
1.459918652473983e-12  -0.009017260670000023  2.264668583427045e-17  1.994286473489259e-05  0.9909982516229595  0.0156996329  0.8025577849136056  0.0009778519200936498  2704.779818532918 
1.543038469183568e-12  -0.009017260670000008  2.471087672966231e-17  2.05978431554335e-05  0.9909987537568747  0.0156996329  0.8025580151550274  0.001009505204703425  2704.779818532918 
1.630890675549334e-12  -0.009017260669999992  2.696321365594805e-17  2.127432840942246e-05  0.9909992721448969  0.0156996329  0.8025582530341726  0.001042183116979486  2704.779818532918 
1.72374470806362e-12  -0.009017260669999999  2.94208456709111e-17  2.197302655183775e-05  0.9909998073131725  0.0156996329  0.8025584988103587  0.001075918824369095  2704.779818532918 
1.821885343465165e-12  -0.009017260669999957  3.210248492766814e-17  2.269466681243466e-05  0.9910003598048794  0.0156996329  0.8025587527523557  0.001110746568458709  2704.779818532918 
1.925613572129195e-12  -0.009017260670000011  3.502854914704586e-17  2.344000235626425e-05  0.9910009301807782  0.0156996329  0.8025590151379915  0.001146701698738659  2704.779818532918 
2.03524752118358e-12  -0.009017260670000008  3.822131707597197e-17  2.420981106914523e-05  0.9910015190197813  0.0156996329  0.8025592862556187  0.001183820709537652  2704.779818532918 
2.151123430182167e-12  -0.009017260669999999  4.170509811552327e-17  2.500489636890722e-05  0.9910021269195406  0.0156996329  0.8025595664034794  0.001222141275840167  2704.779818532918 
2.273596682327715e-12  -0.009017260669999985  4.550641741016436e-17  2.58260880432516e-05  0.991002754497054  0.0156996329  0.8025598558905123  0.001261702292800863  2704.779818532918 
2.403042894406975e-12  -0.009017260669999982  4.965421780742263e-17  2.667424311510214e-05  0.9910034023892916  0.0156996329  0.8025601550369131  0.001302543914233002  2704.779818532918 
2.539859068780729e-12  -0.009017260669999928  5.418008022570116e-17  2.755024673634748e-05  0.9910040712538425  0.0156996329  0.8025604641744241  0.001344707593929171  2704.779818532918 
2.684464810961965e-12  -0.009017260669999985  5.911846410809035e-17  2.845501311090782e-05  0.9910047617695815  0.0156996329  0.8025607836464417  0.001388236127460752  2704.779818532918 
2.837303616516212e-12  -0.009017260670000016  6.450696979296209e-17  2.938948644808593e-05  0.9910054746373592  0.0156996329  0.8025611138092047  0.001433173695786176  2704.779818532918 
2.998844231231025e-12  -0.009017260669999931  7.038662479901383e-17  3.035464194719756e-05  0.9910062105807126  0.0156996329  0.8025614550319151  0.001479565909770417  2704.779818532918 
3.169582088726109e-12  -0.009017260669999982  7.6802196204505e-17  3.135148681450642e-05  0.9910069703465992  0.0156996329  0.8025618076967856  0.001527459857041466  2704.779818532918 
3.350040829913136e-12  -0.009017260669999942  8.380253149910893e-17  3.238106131352376e-05  0.9910077547061563  0.0156996329  0.8025621722005392  0.001576904149136309  2704.779818532918 
3.54077390896527e-12  -0.009017260669999975  9.144093050358836e-17  3.344443984976666e-05  0.9910085644554824  0.0156996329  0.8025625489540038  0.001627948971373882  2704.779818532918 
3.742366290721977e-12  -0.009017260669999954  9.977555118905906e-17  3.454273209110628e-05  0.9910094004164459  0.0156996329  0.8025629383836547  0.001680646133372744  2704.779818532918 
3.95543624473471e-12  -0.00901726066999997  1.088698524856978e-16  3.567708412487223e-05  0.9910102634375193  0.0156996329  0.802563340931123  0.001735049121793707  2704.779818532918 
4.180637241455762e-12  -0.009017260669999961  1.187930774523972e-16  3.68486796529194e-05  0.99101115439464  0.0156996329  0.8025637570548814  0.001791213154724353  2704.779818532918 
4.418659956385941e-12  -0.009017260669999928  1.296207804861784e-16  3.805874122590321e-05  0.9910120741920998  0.0156996329  0.8025641872302656  0.001849195237595859  2704.779818532918 
4.67023438832733e-12  -0.009017260669999928  1.414354025854642e-16  3.930853151804783e-05  0.9910130237634621  0.0156996329  0.8025646319503555  0.001909054221160683  2704.779818532918 
4.936132098237907e-12  -0.009017260669999926  1.543268990472202e-16  4.059935464373705e-05  0.9910140040725102  0.0156996329  0.8025650917267564  0.001970850860761004  2704.779818532918 
5.217168575554354e-12  -0.009017260670000013  1.683934243771777e-16  4.19325575172989e-05  0.9910150161142247  0.0156996329  0.8025655670901286  0.002034647878751371  2704.779818532918 
5.514205739240302e-12  -0.009017260669999966  1.837420796279704e-16  4.330953125740064e-05  0.9910160609157944  0.0156996329  0.8025660585916795  0.002100510027341143  2704.779818532918 
5.82815458123084e-12  -0.009017260669999985  2.004897278553534e-16  4.473171263751878e-05  0.9910171395376577  0.0156996329  0.8025665668029212  0.002168504154909652  2704.779818532918 
6.159977960380181e-12  -0.00901726066999997  2.187638839012849e-16  4.620058558399359e-05  0.9910182530745797  0.0156996329  0.8025670923174317  0.002238699273467237  2704.779818532918 
6.510693555481468e-12  -0.009017260670000006  2.387036852785905e-16  4.771768272322967e-05  0.991019402656763  0.0156996329  0.8025676357512076  0.002311166628838841  2704.779818532918 
6.88137698641567e-12  -0.009017260669999956  2.604609515494423e-16  4.928458697965578e-05  0.9910205894509952  0.0156996329  0.8025681977444066  0.002385979772752171  2704.779818532918 
7.273165113001454e-12  -0.009017260669999983  2.842013402636207e-16  5.090293322610676e-05  0.9910218146618326  0.0156996329  0.8025687789610542  0.002463214637868584  2704.779818532918 
7.687259521663721e-12  -0.009017260670000015  3.101056082577736e-16  5.257440998834849e-05  0.9910230795328231  0.0156996329  0.8025693800914591  0.002542949614451546  2704.779818532918 
8.124930210614031e-12  -0.009017260670000013  3.383709879190652e-16  5.43007612055214e-05  0.9910243853477685  0.0156996329  0.8025700018526163  0.002625265629840909  2704.779818532918 
8.587519484845179e-12  -0.009017260669999926  3.692126888919457e-16  5.608378804833684e-05  0.9910257334320273  0.0156996329  0.8025706449894865  0.002710246230906791  2704.779818532918 
9.076446072885357e-12  -0.009017260669999957  4.028655366618654e-16  5.792535079691936e-05  0.9910271251538596  0.0156996329  0.8025713102758439  0.002797977668445052  2704.779818532918 
9.593209477938231e-12  -0.00901726066999997  4.395857604919747e-16  5.982737078025427e-05  0.9910285619258167  0.0156996329  0.8025719985164941  0.002888548984880788  2704.779818532918 
1.013939457675294e-11  -0.009017260669999992  4.796529443259284e-16  6.179183237925738e-05  0.9910300452061739  0.0156996329  0.8025727105476096  0.002982052104412558  2704.779818532918 
1.071667648032864e-11  -0.009017260669999951  5.233721555107808e-16  6.38207850955557e-05  0.9910315765004112  0.0156996329  0.8025734472388455  0.003078581926425827  2704.779818532918 
1.132682567136154e-11  -0.009017260670000006  5.710762675478773e-16  6.591634568813564e-05  0.9910331573627408  0.0156996329  0.8025742094942883  0.003178236421541933  2704.779818532918 
1.197171343418966e-11  -0.009017260669999966  6.23128494556866e-16  6.808070038008123e-05  0.9910347893976852  0.0156996329  0.8025749982545806  0.00328111673101311  2704.779818532918 
1.26533175938894e-11  -0.009017260670000008  6.799251567500188e-16  7.03161071377044e-05  0.991036474261705  0.0156996329  0.8025758144977875  0.003387327269472478  2704.779818532918 
1.337372858212492e-11  -0.00901726066999994  7.418986979728765e-16  7.262489802444017e-05  0.9910382136648811  0.0156996329  0.8025766592422023  0.003496975830422852  2704.779818532918 
1.413515584835396e-11  -0.009017260669999935  8.095209782864646e-16  7.500948163195945e-05  0.9910400093726491  0.0156996329  0.802577533546692  0.003610173695902397  2704.779818532918 
1.493993463605256e-11  -0.009017260669999933  8.833068666604251e-16  7.747234559103094e-05  0.9910418632075925  0.0156996329  0.8025784385140436  0.003727035749020762  2704.779818532918 
1.579053314474179e-11  -0.00901726066999998  9.638181611315364e-16  8.001605916475061e-05  0.9910437770512914  0.0156996329  0.802579375291987  0.003847680590538555  2704.779818532918 
1.668956009978026e-11  -0.009017260669999944  1.051667866275164e-15  8.264327592683585e-05  0.9910457528462334  0.0156996329  0.8025803450758787  0.003972230658922739  2704.779818532918 
1.763977275314045e-11  -0.009017260669999975  1.147524860558024e-15  8.535673652777913e-05  0.991047792597784  0.0156996329  0.8025813491102447  0.004100812354624651  2704.779818532918 
1.864408533970485e-11  -0.009017260669999977  1.252118989108842e-15  8.815927155173838e-05  0.9910498983762227  0.0156996329  0.8025823886918815  0.004233556168018474  2704.779818532918 
1.970557801501796e-11  -0.009017260669999975  1.366246620682842e-15  9.10538044671431e-05  0.9910520723188442  0.0156996329  0.8025834651717695  0.004370596811565229  2704.779818532918 
2.08275063019051e-11  -0.009017260669999924  1.490776711130147e-15  9.40433546740882e-05  0.9910543166321274  0.0156996329  0.8025845799576927  0.004512073356440195  2704.779818532918 
2.201331107493033e-11  -0.009017260670000003  1.626657419534756e-15  9.713104065169086e-05  0.991056633593975  0.0156996329  0.8025857345169745  0.004658129373198343  2704.779818532918 
2.326662911331458e-11  -0.009017260670000004  1.774923327398596e-15  0.0001003200832086872  0.9910590255560259  0.0156996329  0.8025869303797789  0.004808913077235109  2704.779818532918 
2.459130425468052e-11  -0.009017260669999978  1.93670331583694e-15  0.0001036138088406586  0.9910614949460413  0.0156996329  0.8025881691414267  0.004964577478886471  2704.779818532918 
2.599139918382938e-11  -0.009017260669999961  2.113229160761065e-15  0.0001070156531973783  0.9910640442703695  0.0156996329  0.8025894524657521  0.005125280538246073  2704.779818532918 
2.747120789270814e-11  -0.00901726066999998  2.305844911491291e-15  0.0001105291646638976  0.9910666761164892  0.0156996329  0.8025907820887366  0.00529118532507864  2704.779818532918 
2.903526884977814e-11  -0.009017260669999919  2.516017124207876e-15  0.0001141580080590949  0.9910693931556362  0.0156996329  0.8025921598219218  0.005462460183813023  2704.779818532918 
3.068837891917639e-11  -0.009017260670000008  2.745346028156404e-15  0.0001179059684555445  0.9910721981455141  0.0156996329  0.802593587555548  0.005639278903809732  2704.779818532918 
3.243560807235805e-11  -0.009017260669999926  2.995577709625888e-15  0.0001217769551246818  0.9910750939330938  0.0156996329  0.8025950672637988  0.005821820895171931  2704.779818532918 
3.428231493733974e-11  -0.009017260669999928  3.268617406467172e-15  0.0001257750056113748  0.9910780834575026  0.0156996329  0.8025966010071656  0.006010271370131439  2704.779818532918 
3.62341632332315e-11  -0.009017260669999992  3.566544014374578e-15  0.0001299042899421452  0.9910811697530076  0.0156996329  0.8025981909381639  0.006204821530273595  2704.779818532918 
3.829713914046293e-11  -0.009017260669999983  3.891625915380428e-15  0.0001341691149714245  0.9910843559520957  0.0156996329  0.8025998393056701  0.006405668759673713  2704.779818532918 
4.047756965997331e-11  -0.009017260669999999  4.246338249078418e-15  0.0001385739288703667  0.9910876452886519  0.0156996329  0.8026015484591562  0.006613016824462769  2704.779818532918 
4.278214201767622e-11  -0.009017260669999947  4.633381758077766e-15  0.0001431233257629007  0.9910910411012429  0.0156996329  0.8026033208545209  0.006827076078428681  2704.779818532918 
4.521792417370702e-11  -0.009017260670000016  5.055703351174875e-15  0.0001478220505138425  0.9910945468365046  0.0156996329  0.802605159058949  0.007048063675468884  2704.779818532918 
4.779238649935595e-11  -0.009017260670000023  5.516518540808712e-15  0.0001526750036740606  0.9910981660526409  0.0156996329  0.8026070657572834  0.007276203788676017  2704.779818532918 
5.051342468816756e-11  -0.009017260669999985  6.019335925636205e-15  0.0001576872465878417  0.9911019024230351  0.0156996329  0.8026090437573433  0.007511727836480278  2704.779818532918 
5.338938397147339e-11  -0.009017260670000016  6.567983904635452e-15  0.0001628640066677766  0.9911057597399778  0.0156996329  0.8026110959967481  0.007754874715969652  2704.779818532918 
5.642908471262542e-11  -0.009017260670000013  7.16663982613517e-15  0.000168210682842661  0.9911097419185168  0.0156996329  0.8026132255495682  0.008005891043580578  2704.779818532918 
5.96418494584246e-11  -0.009017260670000023  7.81986179370778e-15  0.0001737328511840819  0.9911138530004296  0.0156996329  0.8026154356333106  0.008265031403622313  2704.779818532918 
6.303753153071268e-11  -0.009017260669999919  8.532623371093534e-15  0.000179436270717556  0.9911180971583271  0.0156996329  0.8026177296167711  0.008532558604416767  2704.779818532918 
6.662654524581163e-11  -0.009017260669999947  9.310351450394538e-15  0.0001853268894242641  0.991122478699887  0.0156996329  0.802620111027459  0.008808743942803511  2704.779818532918 
7.041989785449295e-11  -0.009017260669999931  1.015896757186341e-14  0.0001914108504396353  0.9911270020722275  0.0156996329  0.8026225835607684  0.009093867476912508  2704.779818532918 
7.442922330043757e-11  -0.009017260670000009  1.10849330098918e-14  0.0001976944984552414  0.9911316718664198  0.0156996329  0.8026251510880456  0.009388218307511822  2704.779818532918 
7.866681790071574e-11  -0.009017260669999916  1.209529796847756e-14  0.0002041843863306582  0.991136492822149  0.0156996329  0.8026278176670686  0.009692094868395154  2704.779818532918 
8.314567805772047e-11  -0.009017260670000008  1.319775526074067e-14  0.0002108872819221885  0.9911414698325233  0.0156996329  0.8026305875505216  0.0100058052257043  2704.779818532918 
8.787954011821329e-11  -0.009017260669999916  1.440069888119782e-14  0.0002178101751355538  0.9911466079490419  0.0156996329  0.8026334651984748  0.0103296673868313  2704.779818532918 
9.288292250172499e-11  -0.009017260669999964  1.571328791675838e-14  0.0002249602852098979  0.9911519123867206  0.0156996329  0.8026364552876056  0.01066400961891916  2704.779818532918 
9.817117022752183e-11  -0.009017260669999923  1.714551628305472e-14  0.0002323450682406945  0.9911573885293864  0.0156996329  0.8026395627245896  0.01100917077741584  2704.779818532918 
1.037605019766914e-10  -0.009011468684599695  1.853918391969501e-14  0.0002374278869939594  0.9911672041587898  0.01579293497527594  0.8098830721329963  0.01152879789334846  2672.915429146285 
1.09668059833687e-10  -0.009002641911167996  1.995481907358302e-14  0.0002418173278789837  0.9911793146138571  0.01593719351037122  0.8207970317778095  0.01219311859951461  2624.745625660145 
1.159119618598886e-10  -0.008993634592936601  2.148169220610902e-14  0.0002471186210220978  0.9911916930631691  0.01607641741054608  0.8317861739303288  0.01294887848479516  2579.4811877925 
1.225113576604118e-10  -0.008984451919590956  2.312764842454277e-14  0.0002516884129003241  0.9912043277075898  0.0162118707023278  0.8428413199808448  0.01381818659455444  2536.557138422088 
1.294864871145902e-10  -0.008975082515169373  2.488902881324952e-14  0.0002542882657799337  0.9912171308143283  0.01635459576837035  0.8539732643521367  0.01482637986554088  2492.477714196244 
1.368587424502521e-10  -0.00896553868346432  2.678086211940299e-14  0.0002589127625015371  0.9912301438256683  0.01649846972462049  0.8651647090986239  0.01602241668254814  2449.196240367008 
1.446507338521647e-10  -0.008955783557580322  2.883338701507286e-14  0.0002671156941425513  0.9912435475225132  0.0166436441855426  0.8764557912519049  0.01749415712457056  2406.656271630025 
1.52886358805873e-10  -0.008945730401653598  3.105260844824906e-14  0.0002694904030761257  0.9912573786833608  0.016789918579642  0.8879410972751767  0.0193739766758129  2364.905178254648 
1.615908753895922e-10  -0.008935463542371192  3.341685077180769e-14  0.0002740261779949458  0.991271335577265  0.0169347774081416  0.8995186166940715  0.02185146327759527  2324.619770939325 
1.70790979738943e-10  -0.008925006483225887  3.596584756525132e-14  0.0002815339884858549  0.9912855775161178  0.01708172332728478  0.9111588658397883  0.02537849961683569  2284.796610257398 
1.80514887922111e-10  -0.008914353130587645  3.872947401991242e-14  0.0002868416291533283  0.9913001968960928  0.01724017672678058  0.9228661095282543  0.03104341936756342  2242.990765611979 
1.907924224765265e-10  -0.008903493781916424  4.169529214987668e-14  0.0002895674667928908  0.9913150436820387  0.01739266029147136  0.9346482216667715  0.04259488841792881  2203.834022508423 
2.016551038724744e-10  -0.008892412154152859  4.486929539629544e-14  0.0002947850277921125  0.991330092977305  0.01753639880758992  0.9465197054220998  0.09827071302352176  2167.854275900342 
2.131362471841442e-10  -0.008881133019589578  4.829230199860287e-14  0.0003014114687429708  0.9913454464695242  0.01769024832568451  0.9584511866458949  0.433320797267696  2130.311215164315 
2.252710642645974e-10  -0.008869262819423386  5.200325434175947e-14  0.0003089874584562554  0.9913615846465462  0.01785670896412224  0.9708489127093116  0.6524239747387309  2090.778722286688 
2.380967717380358e-10  -0.008857053327031433  5.59959252753685e-14  0.0003138579495698908  0.9913781280442514  0.01801518719384178  0.9834372728079004  0.8194198975638272  2054.155676639845 
2.516527051405389e-10  -0.008844602709436695  6.029080015346555e-14  0.0003197309382132651  0.9913949766748572  0.01816865157135553  0.9961097154482168  0.9603750846291749  2019.600733471604 
2.659804395593764e-10  -0.008831929707384476  6.490724371034109e-14  0.0003250449675271398  0.9914121004318914  0.01833597109118823  1.008844320765973  1.085240914733443  1982.910357519965 
2.811239171408467e-10  -0.008819026673101325  6.987531938434435e-14  0.0003317983793384112  0.9914295303336984  0.01850459379954109  1.021646267522367  1.199099735612133  1946.936557989611 
2.971295818577334e-10  -0.00880584587097297  7.523905945263868e-14  0.0003382294924690827  0.9914473738151391  0.01866551589393235  1.034559487237354  1.305197402278506  1913.510795467698 
3.140465219496749e-10  -0.008792427158316157  8.100842388815945e-14  0.0003418145829818068  0.9914655232351008  0.01882645360278654  1.047541499989634  1.405003554433373  1880.935381051236 
3.319266204733183e-10  -0.008778777221026908  8.71754981193827e-14  0.0003479595025389191  0.9914838576287934  0.01899840294950826  1.060583407385464  1.499728141903915  1847.041796153254 
3.508247144239781e-10  -0.008764871123095392  9.382855549715388e-14  0.0003573778398366384  0.9915025802611414  0.01916924846974167  1.073706355927503  1.590436076295601  1814.265069259221 
3.707987629168173e-10  -0.008750697626972458  1.010342770597148e-13  0.000364093611501808  0.9915217797574313  0.01934018331531756  1.086917756689857  1.677845434010888  1782.336660036528 
3.919100249433402e-10  -0.00873626954169609  1.087516970818946e-13  0.0003664134012418731  0.9915412219491062  0.01950880635398462  1.100202693590773  1.76237360975104  1751.65880547806 
4.142232472483906e-10  -0.008721579495451274  1.170015253749858e-13  0.0003729605765855412  0.9915608805696277  0.01967502600170208  1.113565173953914  1.844456706813981  1722.18690419202 
4.378068629038175e-10  -0.008706629273927499  1.259250859640734e-13  0.0003831590589896053  0.9915809977521288  0.01985173012113805  1.127000738366007  1.924397320288058  1691.664312581483 
4.627332011878693e-10  -0.008691414721357925  1.355642584404124e-13  0.0003901932622520848  0.9916015494707346  0.02003478838738511  1.140510424479185  2.002472607588381  1660.891999410779 
4.890787094139589e-10  -0.008675929474577709  1.45869257559123e-13  0.0003937083488577797  0.9916223236588165  0.02020540480856457  1.154097202182715  2.078923794728083  1632.960955561084 
5.169241873891593e-10  -0.008660170400854985  1.569306499892736e-13  0.0004007390133305737  0.9916434150258241  0.02037062427977495  1.167761010869457  2.15393798025516  1606.579552173438 
5.463550352214865e-10  -0.008644140361394203  1.688722106894211e-13  0.0004095389591469285  0.9916649484175185  0.02055721350449569  1.18149664268437  2.227646745323558  1577.547408528432 
5.774615152359825e-10  -0.008627826297471813  1.817239590430285e-13  0.0004156264128328864  0.991686868196011  0.02074344538942559  1.195312591417628  2.300232661291534  1549.348541857229 
6.103390288028621e-10  -0.008611236663132562  1.955119430429429e-13  0.0004230668707562907  0.9917090966824613  0.02091628555039154  1.209199046859477  2.371762831575497  1523.848486328854 
6.450884089267712e-10  -0.0085943625396292  2.103370362844911e-13  0.0004296647058890417  0.9917316967002732  0.02109160601700756  1.223160874512569  2.442366390775619  1498.620302345665 
6.818162294944493e-10  -0.008577298351838585  2.26212067533653e-13  0.0004356341952420308  0.9917544802972285  0.02128002759297046  1.237118708650356  2.511742848186536  1472.199069495558 
7.20635132129306e-10  -0.008559975102830141  2.432893527716596e-13  0.0004445177084080131  0.9917776289660317  0.02146271460710741  1.251128090118659  2.580260027226222  1447.243510841692 
7.616641716552892e-10  -0.008542374624374457  2.616892928294537e-13  0.0004523795753602778  0.9918012010649753  0.02163817139382202  1.265201683103351  2.648053347819132  1423.868228390158 
8.050291812295973e-10  -0.008524488843188911  2.813914909803555e-13  0.000456322022600383  0.9918250531331039  0.02181966765127266  1.279343753397861  2.715207228949784  1400.279238837663 
8.508631582640564e-10  -0.008506312917176431  3.024864848616273e-13  0.0004641273075775155  0.9918491925268232  0.02200647920177154  1.293555776483312  2.781785293915482  1376.606389556691 
8.993066723187633e-10  -0.008487856202273906  3.252899742071966e-13  0.0004760870742568048  0.9918738557523016  0.02219353075214473  1.307828067216347  2.847793740014805  1353.499543992054 
9.505082962189511e-10  -0.00846856721384328  3.495239258712021e-13  0.0004751941598446321  0.991899155958339  0.0223689874889885  1.32257844814531  2.915178084172155  1332.349794215398 
1.00462506171734e-09  -0.008448843244412849  3.751896874121333e-13  0.0004770536646471148  0.9919246191563467  0.02253773048445207  1.337492283500274  2.98250400940684  1312.473520587125 
1.061822941099382e-09  -0.008428840815323508  4.027014965439743e-13  0.0004848987937007269  0.9919504140311832  0.02270435299238039  1.352447480347189  3.049257200221005  1293.280269123186 
1.12227735620851e-09  -0.008408586249316749  4.324898247619386e-13  0.0004969885031479025  0.9919767817903834  0.02289078003500147  1.36742306407065  3.115388137150362  1272.300588868377 
1.186173716452479e-09  -0.00838804149443706  4.644801636532063e-13  0.0005008270157294582  0.9920035370384631  0.02307365274695888  1.382446159349029  3.181056618883253  1252.212998936294 
1.25370798744092e-09  -0.008367188511948792  4.985846436288206e-13  0.0005091646725788734  0.9920304995052158  0.02324077745034622  1.3975283217274  3.246347205218975  1234.268394942766 
1.325087291997951e-09  -0.008346029091549167  5.353008738732731e-13  0.0005240739391432504  0.9920579449538635  0.02341499490379255  1.41266610948146  3.311275488090093  1215.96976738223 
1.400530545393217e-09  -0.008324442507704928  5.751838570993726e-13  0.0005331519887386913  0.9920862474690266  0.02361461239973064  1.427942471536295  3.376220893588585  1195.49914298766 
1.48026912673951e-09  -0.008302519548891652  6.18007123750102e-13  0.0005406770725803694  0.9921149769134654  0.02380624913439229  1.443289959406314  3.440917919307671  1176.32943387472 
1.564547588616096e-09  -0.008280252007423971  6.639676326980173e-13  0.0005499292481017298  0.9921441311417555  0.0239883994731452  1.458711929273173  3.505403651661996  1158.532889765361 
1.653624407094179e-09  -0.008257661101137591  7.132972876237471e-13  0.0005578221790881512  0.9921736927689212  0.02418308298178545  1.474191506494797  3.569629447398624  1139.954665048469 
1.747772774464684e-09  -0.008234590712291557  7.663695586232256e-13  0.0005730354237393082  0.9922038928078891  0.02438728544495151  1.489832089304358  3.634040725232033  1120.944187297025 
1.847281437099636e-09  -0.008210532533114975  8.240151900512088e-13  0.0005846975903303788  0.9922355365787714  0.02458977587355764  1.505967531857406  3.700008311384694  1102.558830111424 
1.952455581016861e-09  -0.008186088627231919  8.860535349019484e-13  0.0005949405843773247  0.9922677263243177  0.02478753387816555  1.522184752938815  3.76584310993957  1085.036307627422 
2.063617767863857e-09  -0.008161270282419157  9.522529555327044e-13  0.0005999757312450522  0.9923001780392429  0.02499898624430665  1.538474000486126  3.831523283013115  1066.758512847173 
2.181108924191516e-09  -0.008136060166185457  1.023364521658764e-12  0.0006150975416544122  0.9923331344303375  0.02521001651526019  1.554843911497049  3.897100083477048  1048.973826552427 
2.305289387051711e-09  -0.008110452775722551  1.100423347336575e-12  0.0006258660469930712  0.9923668943866413  0.02542308505467133  1.571295071780908  3.962590851833158  1031.464799600857 
2.436540009125466e-09  -0.0080844498064574  1.183089293627781e-12  0.0006292912733649286  0.9924011113947528  0.02563308934782438  1.587824163691038  4.027996800083422  1014.633061985137 
2.575263326771199e-09  -0.008058050667459633  1.271105593845847e-12  0.00063959178555172  0.9924355320977015  0.02583844272219905  1.604429370777807  4.093324418958606  998.5693733257689 
2.721884794575185e-09  -0.008031246473485052  1.365964014613126e-12  0.0006558231507968812  0.9924705984309486  0.02605061298856187  1.621113288740516  4.15859648195138  982.369835030313 
2.876854090190597e-09  -0.008004040828566551  1.468475814899392e-12  0.0006671314454754489  0.9925064041814555  0.02627717435123062  1.637871082052436  4.223806094407436  965.5029100861328 
3.040646493467069e-09  -0.007976427602991958  1.578159696392047e-12  0.0006717636501649512  0.9925425934998501  0.0264918495888367  1.65470457058659  4.288971938257493  949.9185117823167 
3.213764344100276e-09  -0.007948427700567523  1.695371152338795e-12  0.0006823418577914568  0.9925791066705979  0.02669426830717473  1.671598890399942  4.354047661901318  935.5669464885398 
3.396738582272203e-09  -0.007920060925595942  1.821501392740842e-12  0.000695588496357288  0.9926161891709665  0.02691524721632192  1.688540029424518  4.418990540448313  920.2676721821849 
3.590130377007076e-09  -0.007891309803975503  1.957105674220512e-12  0.0007066811324135093  0.992653825182418  0.02714371331509922  1.705536832164867  4.483845343612405  904.8412538945255 
3.794532847236942e-09  -0.007862167200531883  2.102313824656325e-12  0.000715444208890169  0.9926918703870429  0.02735555208419855  1.722591925774616  4.548632096881316  890.8815078555942 
4.010572880855496e-09  -0.007832628716952828  2.25810304520615e-12  0.000726633846634069  0.9927304088121706  0.02756143850271643  1.73970594900978  4.613362520712365  877.6212914467495 
4.238913057338791e-09  -0.007802577849609496  2.424276409656961e-12  0.0007263723588002745  0.9927693320661789  0.02778740589975612  1.756943962739135  4.678290071013675  863.4056820542121 
4.480253679829499e-09  -0.007771682107182766  2.600901819868909e-12  0.0007380324459318657  0.992808843462514  0.02800056810026381  1.774490490223663  4.744111073669147  850.3098830287199 
4.735334922917121e-09  -0.007740439146441533  2.790543813954446e-12  0.0007488265331151877  0.9928488631646684  0.02819851182787757  1.792057123892725  4.809746966104075  838.4140242821283 
5.004939102700954e-09  -0.007708864496593183  2.993333585324052e-12  0.0007520906125907909  0.9928892114287879  0.0283980150490274  1.809634831631773  4.875173896446035  826.6752633695941 
5.289893076098146e-09  -0.007676976511446279  3.209169089690849e-12  0.0007625569200962521  0.9929296839717667  0.0286077384906725  1.827213440532841  4.940363749461546  814.5989727756244 
5.591070776755281e-09  -0.007644660602446603  3.442252980776116e-12  0.0007884208182626585  0.9929710091177593  0.02882000292320681  1.844854237892262  5.005551780495106  802.6438295842972 
5.909395895340953e-09  -0.007611805428098705  3.695302369541678e-12  0.0008013359127224225  0.9930135211594219  0.02903927572532493  1.862614924141692  5.070956625282265  790.5682192033228 
6.245844712439618e-09  -0.007578530928472774  3.965201014842609e-12  0.0008044245872810654  0.993056323314212  0.02925363794215123  1.880429209087957  5.136339774799676  779.0245575078845 
6.601449092734883e-09  -0.007544824780866988  4.253545804088423e-12  0.0008171987272009769  0.9930995103862056  0.02946399665542976  1.898301894763812  5.20172507407197  767.9405479176404 
6.977299649665552e-09  -0.007510715950030008  4.565103120928092e-12  0.000837579043195367  0.993143563405902  0.02969485728884139  1.916215273664498  5.2670537598854  756.0463612683023 
7.374549090259561e-09  -0.007474981501476999  4.904224241096769e-12  0.0008627841245505797  0.9931900387161759  0.02994311730594022  1.934801203880201  5.334625834320536  743.561489940956 
7.794415750404951e-09  -0.007438445651952722  5.266829378342441e-12  0.0008699975744229157  0.9932372726503548  0.03017208767778219  1.953618710294182  5.402830891711973  732.3188115187108 
8.238187331399602e-09  -0.007401377919674132  5.656245272298079e-12  0.0008856243341958382  0.9932852106519088  0.03039826445090891  1.972523717026952  5.471149198732542  721.4617895969717 
8.707224849239903e-09  -0.007363763013621571  6.076230805324058e-12  0.000902968254831037  0.993334074806181  0.03065821014033409  1.991520931551882  5.539602413501978  709.2793550714434 
9.202966808760391e-09  -0.00732558976137339  6.527549693946e-12  0.0009164605310951679  0.9933836977792198  0.03091189185304923  2.010613466903215  5.608206195658553  697.6855716683755 
9.726933615426179e-09  -0.007286809473166437  7.011831301795103e-12  0.0009320475281811275  0.993434058127973  0.03114854159850027  2.029822649181523  5.677041054118562  687.1245689826834 
1.028073223830865e-08  -0.007247460590158092  7.531869642872867e-12  0.0009451482101914707  0.9934851593700046  0.03139444222930647  2.049126190178747  5.746030825536029  676.4027573207844 
1.086606113854596e-08  -0.007207532553333407  8.089970484100056e-12  0.0009617824349286972  0.9935369847451568  0.03165966290145784  2.068526471603006  5.815187888887168  665.1174462529192 
1.148471547840287e-08  -0.007166994463083735  8.691150430573566e-12  0.0009816980284823207  0.993589763546892  0.03191620579995361  2.088035097978324  5.884557085973455  654.467973017986 
1.213859262690626e-08  -0.00712584649406612  9.338516432957879e-12  0.0009982926980907369  0.9936434779836545  0.03216362141463442  2.10764883883186  5.954130220828526  644.4378339928569 
1.282969797894147e-08  -0.007084092136693337  1.003017520521203e-11  0.00100582549905349  0.9936977014192949  0.03242287823155005  2.127363801025235  6.023896850506702  634.1730496067595 
1.356015110565632e-08  -0.00704173017662326  1.077096195897664e-11  0.001022410089784999  0.9937525797005347  0.03268689878688221  2.147177361259065  6.093850874073768  623.9696641465262 
1.433219225503571e-08  -0.006998759774099208  1.157262334832298e-11  0.001048707864825809  0.9938086968342404  0.03295463205979816  2.167085894834382  6.16398252864589  613.872216976658 
1.514818922258344e-08  -0.006955178524235522  1.243559967536048e-11  0.00106424159042404  0.9938657512577097  0.03322077579466294  2.187088312960727  6.2342911781171  604.0757086561086 
1.601064461318318e-08  -0.006910620966896644  1.334983707032792e-11  0.001060329153570252  0.9939231891258797  0.03347565303101398  2.207349416698218  6.305357533728406  594.9120925559589 
1.692220351641035e-08  -0.006864762158963453  1.432476244195778e-11  0.00108532917664467  0.9939817447647989  0.03372421246786048  2.228007037537386  6.377662801802944  586.1749821572114 
1.788566161883458e-08  -0.006818360682181387  1.537896725464351e-11  0.001102867401379728  0.9940414882617598  0.03400107537501474  2.248710913023261  6.449980996852003  576.6676732012188 
1.890397377819219e-08  -0.006771394731273844  1.650832927616158e-11  0.001110487592135246  0.9941018782360853  0.03426704624085968  2.269470386738121  6.522348770110779  567.7505598806669 
1.998026308572551e-08  -0.006723816089476902  1.771281209141358e-11  0.001127615056735793  0.9941626993690742  0.03451069551998869  2.290305432204619  6.594839234526476  559.7620975794543 
2.111783044448242e-08  -0.006675823175371819  1.900084697628162e-11  0.00113558352187901  0.9942239305671461  0.03476361809425349  2.311127696570441  6.667148886740828  551.6466332586821 
2.23201646929523e-08  -0.006627510769211843  2.037641015637363e-11  0.001152584594873642  0.9942854040966362  0.03503002107019927  2.331896978410364  6.73914314246918  543.2880034639965 
2.359095330508634e-08  -0.006578687965802956  2.184920851793827e-11  0.001165836867442091  0.9943474809869891  0.03527942581268124  2.352695313575132  6.811110746053939  535.6337033239168 
2.49340936995188e-08  -0.006529355830034755  2.342694111262779e-11  0.001183280370915781  0.9944101987170423  0.03551569183916317  2.373521277778663  6.883050245264655  528.5308651010075 
2.635370519267393e-08  -0.00647898368266827  2.511460464066558e-11  0.001196603265144947  0.9944739982398755  0.03577432947636628  2.394595588781375  6.955725573527612  520.9162524151645 
2.785414163241763e-08  -0.006425939117530578  2.692240644216546e-11  0.001213315794388977  0.9945406103743709  0.03603952739169112  2.416585941459306  7.031433179967987  513.2781040361797 
2.944000475100034e-08  -0.006372296654992731  2.886492984217513e-11  0.001233815675079226  0.9946081695537022  0.03628712168614925  2.438617228762756  7.107155871543176  506.2976017604695 
3.111615827824363e-08  -0.00631817080391065  3.094649904036444e-11  0.00124599449349358  0.9946763767479959  0.03652905029454955  2.46064215320592  7.182734799351795  499.6134826733752 
3.28877428582551e-08  -0.006263321835723531  3.319117651982625e-11  0.00127669919538516  0.994745904509267  0.03680709282190256  2.482756065823025  7.258500236701032  492.0937844789237 
3.476019181541974e-08  -0.006207873564959292  3.560305020774601e-11  0.001305726246772353  0.9948163742411749  0.03708321783046516  2.504907659804878  7.334279119546244  484.7927182180459 
3.673924781802074e-08  -0.006151794090047875  3.82064371198627e-11  0.001325179788022817  0.9948881411124666  0.03736099062063253  2.527107542707001  7.410110563752956  477.6108085273725 
3.883098049059609e-08  -0.006095124252508544  4.09864227796876e-11  0.00132729911710129  0.9949603840622921  0.03763027627127851  2.549340193803578  7.485944519046438  470.7996147612483 
4.104180502904709e-08  -0.006037825353041508  4.39415608142973e-11  0.001345627561284898  0.995032828356833  0.03788803253321697  2.571620449700672  7.561834365163671  464.415606034734 
4.337850187558985e-08  -0.005978504064992584  4.715399214211466e-11  0.001395737945510732  0.9951085319114308  0.03817643746643694  2.594478205390317  7.639583557977919  457.425230035592 
4.584823751389096e-08  -0.005917923993077812  5.062816451734513e-11  0.001417405644689304  0.9951863314213644  0.0384868247981976  2.617607926846592  7.718150173525691  450.0769240371963 
4.8458586448165e-08  -0.005856562239722586  5.433649599178217e-11  0.001426958710742954  0.9952647353459985  0.03877397353002332  2.640824665326682  7.796906914980649  443.4353315969882 
5.121755443364241e-08  -0.005794465295063821  5.830342955864309e-11  0.00144858799906127  0.9953438832692781  0.03904668403016381  2.664108099708753  7.875786944070247  437.262865215209 
5.413360302965376e-08  -0.00573159247200661  6.257046083028946e-11  0.001476710107069439  0.995424260036019  0.03935305273633834  2.687470198581409  7.954832847329617  430.4810688044684 
5.721567555063251e-08  -0.005667984314292633  6.715792834676374e-11  0.001498610507304999  0.9955057836732466  0.03966507525746837  2.710893884929629  8.033988929280016  423.7350092575909 
6.047322449462655e-08  -0.00560349729604978  7.206980275027654e-11  0.001519139934949289  0.9955882665523734  0.0399512396690474  2.734430506872005  8.11343057871631  417.6864558167933 
6.391624053344005e-08  -0.005538288506203613  7.733821170196382e-11  0.001536326197677857  0.9956717046200583  0.04023604873813918  2.758019818364126  8.192956209181906  411.7942340553386 
6.75552831533164e-08  -0.005472303312242168  8.297243641317643e-11  0.001559783992746634  0.9957559120476857  0.04055198571279534  2.781680488027747  8.272630782898112  405.4027235358035 
7.140151304013404e-08  -0.005405572085446479  8.902315555877282e-11  0.001588937944103434  0.9958412244006271  0.04085860603261667  2.805398704876485  8.352409614180276  399.340926175962 
7.546672630843902e-08  -0.005338005855325789  9.553215565913034e-11  0.001612984074565586  0.995927878599085  0.0411481764817128  2.829203635175977  8.432392527665371  393.7401702660425 
7.976339067929281e-08  -0.005268699957976696  1.02298896387028e-10  0.001563876275979024  0.9960138294770914  0.04140918413909003  2.853416725827212  8.513659896002302  388.7922188614088 
8.430468371788967e-08  -0.005198642040190902  1.094467118173717e-10  0.001583871432260929  0.9960995860889083  0.04167035423725378  2.877682013995313  8.595016679340601  383.9339593811698 
8.910453324821523e-08  -0.005128157963799761  1.171134316184107e-10  0.00161026207162856  0.9961861795603324  0.0419294649353345  2.901882508558319  8.676072865610363  379.2034427975968 
9.417766006869539e-08  -0.005057341525120251  1.253238382954442e-10  0.001626788695084561  0.9962733757405671  0.04218304377361033  2.925988211571245  8.75673112024092  374.6580644527834 
9.953962309984243e-08  -0.00498619322221276  1.34003508729012e-10  0.001620314598111579  0.9963600396100595  0.04241921593480772  2.950004589970735  8.837013019868289  370.4978044035218 
1.052068671023623e-07  -0.004913825458532207  1.433030939698395e-10  0.00171625290096125  0.9964482823383896  0.04265377176661837  2.97422656981027  8.917905840541122  366.4342256807652 
1.1119677311207e-07  -0.004835440592833104  1.537212873298668e-10  0.001752390201488497  0.9965469852008987  0.0429843226104752  3.000224571346438  9.004646503411793  360.8201130443736 
1.175277117462948e-07  -0.004756257725633336  1.64886647460261e-10  0.001767630149769383  0.9966467020105028  0.04331241671007463  3.026252048728951  9.091401881276303  355.3743503663302 
1.242190995452619e-07  -0.004676023710826162  1.767463719039363e-10  0.001783490847528442  0.9967468361597651  0.04360625213265636  3.052392984523243  9.178453744118755  350.6011927893004 
1.312914585212465e-07  -0.004595476023519472  1.896496300681957e-10  0.001841780913754764  0.9968490172603868  0.04392551711084692  3.078399098538347  9.264977300941764  345.5231470143345 
1.38766479098131e-07  -0.004513908163836401  2.035158080291513e-10  0.001867868878273431  0.9969526982482585  0.04428351798313419  3.104503161844918  9.351749587601816  339.9591091983773 
1.466670866343972e-07  -0.004431401385453775  2.183669397256478e-10  0.001890856167673439  0.997057459849446  0.04462593224925905  3.130677725427744  9.438680798882515  334.7621195183424 
1.550175117335772e-07  -0.004347839811518563  2.342619422508059e-10  0.001916135402446192  0.9971633568244681  0.04494455921490938  3.156957342824341  9.525887028179515  330.0324636472602 
1.638433645577985e-07  -0.00426338373230049  2.512539723232291e-10  0.00193360603036661  0.9972701173222057  0.04527846925140722  3.183289579448783  9.613195639653512  325.1827057038309 
1.731717133723356e-07  -0.004178060992605578  2.694090812306349e-10  0.001959156612633557  0.9973776727700522  0.04562748708710484  3.209664444033895  9.700575074427983  320.2268996751591 
1.830311675620617e-07  -0.004091785700704362  2.888966810898086e-10  0.001991737997837685  0.9974866158630176  0.04595575732479906  3.236105247404743  9.788103955302484  315.6683626121693 
1.934519653744048e-07  -0.004004649021090249  3.097565332448482e-10  0.001980025360524294  0.9975965574212705  0.04626556362791673  3.262583399630966  9.875689112378037  311.4549214761707 
2.044660666579118e-07  -0.003915587141001044  3.308997724243663e-10  0.001920014839202136  0.9977027731954258  0.04651549593082097  3.289437778868289  9.964452550636913  308.1169578082588 
2.161072508808377e-07  -0.003827377815735833  3.49734560361044e-10  0.001329644831603391  0.9977909601110831  0.04651374546474326  3.315870838739285  10.05176139980496  308.1401491649621 
2.284112207303821e-07  -0.003739534807761698  3.685101407386352e-10  0.001812574512253244  0.9978738278788886  0.04643296951724206  3.341996794690751  10.13799545967591  309.2131782076452 
2.414157116103013e-07  -0.003648982875436994  3.935802614049096e-10  0.001989125294487965  0.9979813180638831  0.04667441750154808  3.368632149870954  10.22584723552976  306.0223170735944 
2.551606073727181e-07  -0.003558003956587444  4.210770111029961e-10  0.00201444315815522  0.998092239062657  0.04695389296715784  3.395163189717217  10.31329508728087  302.3901922710313 
2.696880626390692e-07  -0.003466527516358581  4.506536790876292e-10  0.002069352830419915  0.9982044907507375  0.04724528328001616  3.421619857983309  10.40044008544467  298.6716476158231 
2.850426320853432e-07  -0.003374281533018528  4.826125787792211e-10  0.002093710301409376  0.9983188426682579  0.04757383219080413  3.448079742066743  10.48753941209003  294.5605891189942 
3.012714070881158e-07  -0.003281474679451312  5.166323441356606e-10  0.002094639912592742  0.9984333656007103  0.04787697882324134  3.474489279708777  10.57441849113104  290.8422111263236 
3.18424160150465e-07  -0.003187120946724954  5.527640229243302e-10  0.002117778413017561  0.998548815241858  0.04814903329848075  3.50112847100542  10.66199928565453  287.5648291484264 
3.365534975507094e-07  -0.003090425731066477  5.914326326080584e-10  0.002156736846518517  0.998666895577172  0.04844634540927065  3.528210747252588  10.75098270057563  284.046125628548 
3.557150206821382e-07  -0.002993133224552284  6.330180196522245e-10  0.002183512680934738  0.9987864318285015  0.04876781834623613  3.555239092177732  10.83973575529228  280.31365690462 
3.75967496578546e-07  -0.002895006911154165  6.77409178895016e-10  0.002203271786314735  0.9989067690004864  0.04905944171846499  3.582282902869623  10.92848784815694  276.9910323416804 
3.973730381485604e-07  -0.002796350722433647  7.248711096842698e-10  0.002231367023710567  0.9990278070338691  0.0493352652605147  3.609257799577274  11.0169634296306  273.9024879939655 
4.199972946715306e-07  -0.002696976101549237  7.754093070846748e-10  0.002245088016660078  0.9991492484263756  0.04964522283357681  3.636218124198008  11.10534223185403  270.4929707500519 
4.439096531392167e-07  -0.002597155335470822  8.294451205756203e-10  0.002280196318325475  0.9992713445151407  0.0499524213575778  3.663088789889045  11.19337948386013  267.1762333732107 
4.691834510607789e-07  -0.002491667260021423  8.878540480898186e-10  0.002330608837278721  0.9994006715385497  0.05025769503723019  3.691259922310068  11.28562762612503  263.9403443590467 
4.958962013837211e-07  -0.002385512510717205  9.507234757555239e-10  0.002345384469332513  0.9995316699018576  0.0505721306071203  3.719378604378889  11.37765426723909  260.6684146716 
5.241298302206061e-07  -0.002278544672443578  1.017336352587652e-09  0.00237230714386203  0.9996624559993927  0.05090047689365924  3.747492146558927  11.469615817218  257.3162477411721 
5.539709281106401e-07  -0.002171115474844485  1.088709930858525e-09  0.002417402224791016  0.9997941680366417  0.05122281957809405  3.775503006730935  11.56119446215886  254.0878807969614 
5.855110155867232e-07  -0.002063038882845796  1.165387829224912e-09  0.00244424051015271  0.9999273384084458  0.05154339578611417  3.803459957131252  11.65255112371109  250.9370901576311 
6.188468238624383e-07  -0.001954510353519582  1.24679405807606e-09  0.002437007709379067  1.000060195079231  0.05184489623330933  3.831320089569956  11.74354717766847  248.0269616993964 
6.540805914998259e-07  -0.001845934609587516  1.331816056731062e-09  0.002329015812574019  1.000190230465541  0.05210036432146975  3.858991041233006  11.83388284595386  245.6005822278577 
6.913203779678128e-07  -0.001758744255746326  1.353893232426891e-09  0.001164182136165071  1.000199672240534  0.05105709504068653  3.881450612049396  11.90718405206517  255.7400286883837 
7.306803950529492e-07  -0.00165682832673703  1.405507610205077e-09  0.001499173378357524  1.000266731713632  0.05062034154878742  3.907309525016117  11.99154053895538  260.1721285978468 
7.722813571388642e-07  -0.001552493017694031  1.463735948521302e-09  0.0009793048062957123  1.00034284724268  0.05028003627790437  3.933570753487596  12.07717277231339  263.7058399663473 
8.162508514287236e-07  -0.001457630202842284  1.503405273583239e-09  0.0005545547650001628  1.000384212008963  0.04958868128831427  3.957407151911329  12.1548698289006  271.1101603745462 
8.62723729246145e-07  -0.001369990987623345  1.525156636882786e-09  0.0003759030841709523  1.000397847991624  0.04864383389045281  3.979401419633589  12.22653867806043  281.7444169814285 
9.118425196146562e-07  -0.001288146752470501  1.543517953736775e-09  0.0003322583604202446  1.000404599440577  0.04763893533243348  3.999856493222127  12.29317064560187  293.7560490450844 
9.637578663841089e-07  -0.001210062347426554  1.561802614757906e-09  0.0004968440939847372  1.000410471885531  0.04660986098342947  4.01927706455198  12.3564135877183  306.8706103780897 
1.018628990244689e-06  -0.001121566567271985  1.600153258655105e-09  0.0006234180366596971  1.000449322612184  0.04588247109644206  4.041040421120757  12.42726176692945  316.6775767531484 
1.076624177045493e-06  -0.001045295857789808  1.617763775911944e-09  7.716223250411544e-05  1.000457330416451  0.04489651384646558  4.059808151296303  12.48834161214067  330.7392007311153 
1.137921293915314e-06  -0.000983009304722082  1.626062971777577e-09  0.0004210770477186433  1.000445967356909  0.04374673265236407  4.075145019062679  12.53824439496026  348.353090854047 
1.202708334768514e-06  -0.0009169575816332695  1.653504264846789e-09  0.0002322953787997861  1.000457859751087  0.04294292509329696  4.091247090683956  12.59062369858895  361.5161185703313 
1.27118399686903e-06  -0.0008572731032190728  1.670332030780123e-09  0.0004727356569881853  1.000456723953772  0.04200145444813488  4.105791796548185  12.63792736843211  377.9046650854922 
1.343558290220826e-06  -0.000794239323490941  1.707641783506625e-09  0.0005479708422380155  1.000476745192727  0.04128119805541426  4.121008722210004  12.68740585525428  391.2067384225514 
1.420053181653682e-06  -0.0007418537653677195  1.697735459526748e-09  0.0004569039685171385  1.000453689811071  0.04010593923289656  4.133777319622654  12.7289174630183  414.4704088591216 
1.500903275579734e-06  -0.0006745364399538948  1.73517411909792e-09  0.0004693130478158162  1.0004815501296  0.03947422298662936  4.149889266745218  12.78128538533305  427.8423117965905 
1.586356533508593e-06  -0.0006065770138626784  1.778573099671665e-09  0.0005380139594837764  1.00051459156464  0.03894456480780811  4.166070104827722  12.83386561390662  439.5590258095922 
1.676675034527701e-06  -0.0005445544497336885  1.825286854337893e-09  0.0005381904441289196  1.000544080388115  0.03844395999638917  4.180784405002159  12.88167052848918  451.0811501180185 
1.772135779080358e-06  -0.0004879162034988908  1.876717582471756e-09  0.000598929778644351  1.000571098350931  0.03799420325363395  4.194174944300031  12.9251667041427  461.8237134186613 
1.873031538506442e-06  -0.0004280020879666266  1.94171619437555e-09  0.0006366638997592599  1.000608668226685  0.03769594127036555  4.20825490063481  12.97089380316891  469.1608107540184 
1.979671752951336e-06  -0.0003709695191931462  2.005489577872279e-09  0.000534381422070729  1.000642071948354  0.03734931180090185  4.221622718644158  13.01430058412467  477.9095450958124 
2.092383480396979e-06  -0.0003180946136479509  2.067191593179007e-09  0.0005708774277221191  1.000669865582246  0.03697334601574248  4.233990692582604  13.05445433309349  487.6782670792601 
2.211512399725489e-06  -0.0002901244995460996  2.071497250342412e-09  -0.0002706703765529549  1.000646563556374  0.03602661293335673  4.240678420303048  13.07616541125058  513.6461595509875 
2.337423870891812e-06  -0.0002621102675487239  2.121055382433474e-09  0.0008407728504072293  1.000645322658438  0.03549827085111945  4.247273373347649  13.09757270141675  529.049751738916 
2.470504055456831e-06  -0.0002227523377443768  2.233789735344221e-09  0.0008536689884466036  1.000681431458437  0.03544992872809299  4.256362041199864  13.12707045710437  530.4936376558447 
2.611161100917462e-06  -0.0001841152124452132  2.353313853311153e-09  0.0008514301861372294  1.000717136668369  0.03542367879037349  4.265263404876589  13.15595710420068  531.2801502366734 
2.759826392466181e-06  -0.000146201002851838  2.481437051501945e-09  0.0008714783056124713  1.000752926948919  0.0354204180303835  4.273976110483004  13.18422845336346  531.3779727296845 
2.916955876018805e-06  -0.0001024009904241562  2.644446912956063e-09  0.001085440848674919  1.000804176628626  0.03560179995797649  4.283976133054225  13.21667293154608  525.9772997561382 
3.083031456568283e-06  -5.74475482761882e-05  2.825367806510941e-09  0.001093742488932546  1.000858977680046  0.03582407550308477  4.294204220898328  13.2498532397982  519.4705474563806 
3.25856247615323e-06  -7.942432317465829e-06  3.034153416585408e-09  0.001398639499280789  1.000923190065153  0.03616723471574433  4.305421236614543  13.2862368752788  509.6597104533688 
3.444087275973823e-06  8.915276000352724e-05  3.458692750306943e-09  0.001047372399977144  1.001093393498743  0.03762031028814092  4.327139470788276  13.35666709620164  471.0490865205971 
3.640174847446138e-06  0.0001309271272525506  3.66576752488675e-09  0.001064337736602951  1.001137957744878  0.03771851943704992  4.336569760724929  13.38724408987137  468.59930299909 
3.847426577258514e-06  0.0001674573815883169  3.867709961776969e-09  0.0007003179188220668  1.001172729317026  0.03772891603904886  4.344816572379188  13.41398115449801  468.3410835897845 
4.066478091781862e-06  0.0001917985539515628  4.032274977983997e-09  0.0008027750560652565  1.001183387562173  0.03751591193741794  4.350356715167416  13.43194191195029  473.6743817149341 
4.298001206490799e-06  0.0002233836729047234  4.247965164341235e-09  0.001090800241585119  1.001211741972555  0.03750450176433678  4.357471927521881  13.45500675380826  473.9626419810355 
4.542705986374062e-06  0.0002632280280717865  4.519859041861626e-09  0.001130657507587049  1.001258198659105  0.03769567203764908  4.366383887478098  13.48389296403928  469.1675125255375 
4.801342923653445e-06  0.000306352522882458  4.826122331337597e-09  0.001230827648571134  1.001311513455579  0.03793991649787739  4.375994367827052  13.51503990014148  463.1462702372446 
5.074705239490456e-06  0.0003522155042809173  5.167145114639804e-09  0.001263428536526727  1.001370431315995  0.03822374895691884  4.38618051978114  13.54804878948226  456.2935735848235 
5.363631316739246e-06  0.000397821762346521  5.532687586587629e-09  0.001275761523322648  1.001429340757569  0.03849368802124273  4.396282893323283  13.58078246031568  449.9164456262371 
5.669007271207434e-06  0.0004433070289889783  5.927145321846854e-09  0.001307998851316488  1.001488841994511  0.03876084548771158  4.406330162437831  13.61333390965942  443.7357596998185 
5.991769669310613e-06  0.0004898649647565106  6.349350330282863e-09  0.001320566557977597  1.001549543604075  0.03912175225842024  4.416589556458002  13.64656888990033  435.5864036961038 
6.332908400455101e-06  0.0005366154845504369  6.805378657417419e-09  0.001381866778086292  1.001611221057075  0.03950843913781065  4.426862195014864  13.67984300549105  427.1015698962607 
6.69346971295864e-06  0.0005840760037026601  7.310644522007881e-09  0.001420389252932739  1.001676281516765  0.03998293602107519  4.437253519309981  13.71349768353479  417.0244789529192 
7.074559422819878e-06  0.0006319702653342538  7.859721723765228e-09  0.001465765878467837  1.001742954180235  0.04044139910407464  4.447708366661181  13.74735424406238  407.6228944419551 
7.477346305177581e-06  0.0006821391219730623  8.458331196596549e-09  0.001506568979983982  1.001813333378783  0.04077207319153329  4.45862850772054  13.78271351788896  401.0378119297528 
7.903065678861332e-06  0.0007327596095318084  9.104566525027453e-09  0.001519341612498492  1.00188478932749  0.04113225832192069  4.469615285719199  13.81828439439836  394.044983664822 
8.353023195026787e-06  0.0007840994280256576  9.796863432019676e-09  0.001557652541016633  1.001956951843646  0.04155238665930097  4.480729335337772  13.85426313503611  386.1170374073818 
8.828598841495151e-06  0.0008332401625881082  1.053645346856341e-08  0.001549460060056156  1.002026685878916  0.04198206759136424  4.491336028692961  13.88859550922091  378.2537701037567 
9.33125117507824e-06  0.0008793889661011351  1.132461340856186e-08  0.001586648571775705  1.002093011147745  0.04242286009393701  4.501268094726086  13.92074073857975  370.4341549954586 
9.862521794868764e-06  0.0009255773159578772  1.217057253614954e-08  0.001602332593309631  1.002159599687648  0.04285188215528384  4.511183580001306  13.95282900139904  363.0539018298261 
1.042404007021554e-05  0.0009777180835428988  1.311292847079142e-08  0.00202448736633453  1.002235668780438  0.04331639821572362  4.522343961461877  13.98894202303077  355.3090236072244 
1.101752813788387e-05  0.001066795604703848  1.432885364530501e-08  0.002076756465212531  1.002367346278683  0.04405664247624723  4.54133231469629  14.05037547846934  343.4694532604601 
1.164480618372685e-05  0.001156978178608473  1.565128214663592e-08  0.002139393191300206  1.002501035082579  0.0447882011492768  4.560465145537416  14.11226446901375  332.3408087538351 
1.230779802506663e-05  0.001249856750064023  1.708128945985449e-08  0.002186077225087685  1.00263769959775  0.04548982606193044  4.580081888865322  14.17570659515319  322.1679695191257 
1.300853701090573e-05  0.001343572241698645  1.863172457461825e-08  0.002171284047414494  1.002775841263111  0.04617573525863176  4.599780087499712  14.23939986195035  312.6678832479747 
1.37491722580642e-05  0.001429408338247537  2.026197424560777e-08  0.002230648572780936  1.002903095180284  0.04686132731043439  4.617736725533661  14.29745125247062  303.586001000462 
1.453197524236895e-05  0.001513051516513781  2.201359444785696e-08  0.002194710209119031  1.003027889938731  0.04752324226462056  4.635156347915228  14.35375698111732  295.1880602029022 
1.535934676510895e-05  0.00158870206612369  2.385771778756907e-08  0.002262402843861786  1.003142004960604  0.04814331823586854  4.650842824818413  14.40445264168604  287.633106475806 
1.623382431612275e-05  0.001688231711035138  2.598517289585819e-08  0.002678428931145417  1.003288912634387  0.04884096583047071  4.671406381928434  14.47089896978273  279.4746528352381 
1.715808985610007e-05  0.001826076083675193  2.849754497443296e-08  0.00275963267338408  1.003486957056641  0.04964396883193047  4.699746295478577  14.56245240284557  270.5066361729699 
1.813497804196495e-05  0.002096415086686268  3.199627404169835e-08  0.005318281502961829  1.003860755466237  0.05070111095111408  4.754851947097425  14.7404076812794  259.3438544712594 
1.916748492056813e-05  0.002631037486641038  3.741380060891778e-08  0.00516202609579318  1.00458297853493  0.05215331625653792  4.8618766676653  15.08578671194271  245.1021125262002 
2.025877711735021e-05  0.002929122292522991  4.150870516582838e-08  0.002146537204472847  1.004978046811776  0.05290179546455116  4.92046800034117  15.27473806850671  238.2155394572542 
2.141220154815732e-05  0.002973043605263965  4.396683360193454e-08  0.002116810058203638  1.0050263977876  0.05302866727169064  4.929086105661095  15.30252370023002  237.077035200601 
2.26312956839953e-05  0.003034863142599933  4.682204258761705e-08  0.002401398935149383  1.005103769989181  0.05327464486991633  4.941140884725401  15.34138592131797  234.89284369583 
2.391979840020237e-05  0.003063812084531175  4.968199667981293e-08  0.002068375419237634  1.005140836140026  0.05350954237716572  4.94677050868785  15.35953342852656  232.8350934296093 
2.528166144331495e-05  0.003056785281277557  5.246788695328359e-08  0.002015982300486116  1.005132119098674  0.05370444054096758  4.945403243530041  15.35512600747886  231.1482016463596 
2.672106155079438e-05  0.003022712790159524  5.524826533268463e-08  0.00161166803154942  1.005090305248179  0.05383672424664046  4.938765231493233  15.33372748783159  230.0136759064933 
2.824241326078436e-05  0.002941169904969337  5.7821753676677e-08  0.00175816826447088  1.004988507472859  0.05387134914816885  4.922847840274244  15.28241123500452  229.7180961010343 
2.985038245118729e-05  0.003109866560287218  6.242785335818128e-08  0.003024232229237013  1.005201225137025  0.05424797299664073  4.955704729197577  15.38833185784982  226.5394709981061 
3.154990064958095e-05  0.003340909876940493  6.759630916484752e-08  0.003053026959758175  1.005483430384869  0.05457165608068432  5.000365407192327  15.53226202583807  223.860075275578 
3.334618015786369e-05  0.003539385010911384  7.276111878981863e-08  0.002602311586865722  1.005721377624319  0.05484489246387562  5.038406065000353  15.65481984143609  221.6350968405363 
3.524473003801588e-05  0.003651699496996449  7.774382998550506e-08  0.002646517320614449  1.005857527996793  0.0551669449169583  5.059785532266202  15.723684270391  219.054936497918 
3.72513730080021e-05  0.003760694705363725  8.28068262645953e-08  0.002420697524873836  1.005983614817511  0.05542914124404619  5.080470132795829  15.79030069676427  216.987447980838 
3.937226329963476e-05  0.003866190828511176  8.806333639932059e-08  0.003091978137149841  1.00610287546432  0.05566902820689798  5.10041775225397  15.85453446627985  215.1214082723184 
4.161390553316716e-05  0.003991726480157559  9.51219144938495e-08  0.00318213491399694  1.006277546887426  0.05629600240294549  5.123869545457099  15.93003901941334  210.3564336763462 
4.398317466650229e-05  0.004119131304330369  1.027465934613177e-07  0.003253009887426556  1.006455174444472  0.05693284567689258  5.147545323699781  16.00625223472706  205.6767158050981 
4.648733708020257e-05  0.004250524865176294  1.110227499402102e-07  0.003343495470227047  1.006638761251973  0.05763915742859155  5.171831868989985  16.08441869581587  200.6668646852505 
4.913407286296377e-05  0.004383661808576135  1.199726099692051e-07  0.003433116999061285  1.006825401379074  0.05835457432785518  5.196306249910879  16.16317673530041  195.7767440861791 
5.193149936590223e-05  0.004544340457625423  1.311352370223626e-07  0.004224777174393392  1.007069498379572  0.05937819685944757  5.225567663019428  16.25732160144359  189.0849234087694 
5.488819609789677e-05  0.004697737648301951  1.424999928326555e-07  0.00255021376051075  1.007293924132159  0.06031309574548056  5.253375082535853  16.34677217446877  183.26843508659 
5.801323103833378e-05  0.004803990711556841  1.518127978486799e-07  0.003746711785229357  1.007420855780637  0.06111449582609431  5.272695225951345  16.40891302102409  178.4935165373054 
6.131618844795769e-05  0.004950492854296369  1.644385827393098e-07  0.003915036331475079  1.007632306367197  0.06222039265485739  5.299003547186704  16.49351638556334  172.2048653130045 
6.480719826311985e-05  0.00510095853473454  1.782837205452128e-07  0.004017046968526574  1.007851944927039  0.06345441028058449  5.325854851433023  16.57985140725551  165.5721498241704 
6.849696716357453e-05  0.005255461371718574  1.935697735235469e-07  0.004260183347640494  1.00808142260094  0.06483613753275029  5.353243268614161  16.66789848406851  158.5903080703669 
7.239681140910877e-05  0.005413775530298995  2.104264242822436e-07  0.004382707975661517  1.008320345863806  0.0663342791582248  5.381118813600914  16.75749632996758  151.5077624000287 
7.651869154570849e-05  0.005577678808819814  2.292108135304444e-07  0.004675550591748845  1.008573166694202  0.06801230081656928  5.409771640149332  16.84957667514561  144.123890947745 
8.087524908770474e-05  0.005746764103748912  2.4997522705902e-07  0.006094306411270458  1.008837638380846  0.06974127813550854  5.439124584786669  16.94389066864324  137.0664319963568 
8.547984528840423e-05  0.00592029981835677  2.732685427884543e-07  0.005193465727631587  1.00911717671801  0.07174366640356859  5.469010916009374  17.03990157443015  129.522070423455 
9.034660211810534e-05  0.006098766211894525  2.990220089271101e-07  0.005430214029391893  1.009408486798134  0.07375555145917531  5.499523543505898  17.13790740006243  122.5523048256622 
9.549044557518078e-05  0.006361348029594158  3.344705522850379e-07  0.006727728209323526  1.009864007905882  0.07563262541819117  5.5438953291709  17.2803971051885  116.5447085023468 
0.000100927151463057  0.006381506343125264  3.699511151583217e-07  0.005832049579246459  1.010047032515176  0.0777442935789162  5.546406444665924  17.28845094443135  110.2995826056548 
0.0001066733937734855  0.006776868337209243  4.007999184902562e-07  0.005513101438094877  1.010534130615199  0.08044554467931682  5.613548183674571  17.50400465325401  103.016530539383 
0.0001127467958244943  0.006893521331757482  4.390857364940155e-07  0.007127418885531511  1.010787962262722  0.08345760435950839  5.632520497628451  17.56489334994886  95.71479732023575 
0.0001191659843098559  0.007114922640464577  4.859223495753392e-07  0.007463530323931131  1.011192616055994  0.0861988021974624  5.668770917135316  17.68122146536332  89.7239635840683 
0.0001259506464258356  0.007409621032513059  5.392643423439711e-07  0.008725578102250109  1.011691173828366  0.08854203598905977  5.716827727549034  17.83540581246808  85.03777805841671 
0.0001331215902504305  0.00768525692434302  5.984981875242555e-07  0.008289096149363961  1.012181133110906  0.0906387130227624  5.761186418860226  17.97769083629078  81.14905218985507 
0.0001407008085602687  0.007964943849028959  6.63534227084059e-07  0.009133565015205396  1.012680867189298  0.09365495841531385  5.80575158360456  18.12060697380214  76.00625977750353 
0.0001487115462808954  0.008110680996989469  7.39857246107932e-07  0.009621461274059724  1.013085797352181  0.09779809890375007  5.827883202277177  18.19155930634681  69.7027779904961 
0.0001571783717773161  0.008417754152815163  8.237657304443306e-07  0.009632528886035368  1.013658715241351  0.1008923002944183  5.875920254252026  18.34555751994267  65.49299703799782 
0.0001661272522034289  0.008771441234071631  9.098740276410911e-07  0.01017787104537696  1.014248411541911  0.1025453825388709  5.931097647133166  18.52240976504743  63.39845776718314 
0.0001755856331414464  0.009072170839246302  1.023207619110168e-06  0.01277556373297532  1.014899570272809  0.1078264195780285  5.976527322991216  18.66797492769397  57.34037691688015 
0.0001855825227755519  0.009339136853847168  1.15232204744126e-06  0.01288628037251652  1.015548353272545  0.1128881989170246  6.015990626103317  18.79439301274955  52.3135056619145 
0.0001961485808579429  0.009698741092635889  1.296010814957956e-06  0.01402320185673987  1.016306032408685  0.1182796720746704  6.069358394930134  18.96532816279337  47.65304849108928 
0.0002073162127401227  0.01007246961617448  1.460184672812425e-06  0.0159523643537581  1.017115742563876  0.1239291760758144  6.12400087344584  19.1403043415804  43.40740142619405 
0.0002191196687578152  0.01047927623105183  1.655293834421643e-06  0.01710895190042906  1.018033567654572  0.1309894211602312  6.182466100116589  19.32747478545037  38.85424428948282 
0.0002315951492743155  0.01091095974440545  1.883853143738906e-06  0.01996229671633972  1.019045211043026  0.1385271124288212  6.243389394670117  19.52246398630705  34.74092273702649 
0.000244780915704444  0.01137987603993235  2.158042062979689e-06  0.02163392394528338  1.020196094644104  0.1470030287333849  6.308218437158547  19.72989721651219  30.85022579513246 
0.0002587174078595919  0.0118902927741424  2.484009137575776e-06  0.02512907606433212  1.02149153746087  0.155918122533123  6.377340194769807  19.95100424361086  27.42317399094015 
0.0002734473679737574  0.01244140413765052  2.871473351793483e-06  0.02749157876869916  1.022942413429022  0.1650977119154078  6.450286735151244  20.18427784494313  24.45844281552398 
0.0002890159717909511  0.01305721033743767  3.33261881945261e-06  0.03139998941407562  1.024588126081648  0.174776486486498  6.530060436537313  20.4393095586685  21.82453018061048 
0.0003054709671159968  0.01371453366582722  3.875016721816035e-06  0.03453831885355357  1.026399918330696  0.1843567631183141  6.613029394388194  20.70447271802809  19.61520104653169 
0.0003228628202536727  0.01446621882991831  4.518113838428785e-06  0.03894689303090008  1.028460130655625  0.1948007686366043  6.705870220654894  21.001097563093  17.56829357372809 
0.0003412448707852896  0.01526094520212307  5.271170146976257e-06  0.04320199748417994  1.030707829824435  0.2049810348236495  6.801069124144971  21.30515209714371  15.86658818505111 
0.0003606734951574031  0.01618041476758822  6.161913067730004e-06  0.04819205002128647  1.03326487800224  0.2163600439378121  6.908664746098414  21.64869588682435  14.24153463775712 
0.0003812082795843888  0.01715596253809691  7.204978579712736e-06  0.05370666460547417  1.036056335288573  0.2275179095340085  7.01886934304246  22.00044121269169  12.87892858479413 
0.0004029122027951344  0.01827531489859217  8.432484440451736e-06  0.05945906492394838  1.039204153444441  0.2400597807723435  7.141895449388251  22.39298539590885  11.56836817682563 
0.0004258518291843406  0.01948224374766513  9.874974142609701e-06  0.06671000896969623  1.04267099970892  0.2527617784133128  7.269422768527853  22.79973833305079  10.43489558375189 
0.0004500975129608051  0.02084337490965733  1.158068014140307e-05  0.07405024559796501  1.046572644252258  0.2667358043919468  7.408103195974184  23.2419105125079  9.37018749427839 
0.000475723613918789  0.02234043977405097  1.359055969025381e-05  0.08301153051400262  1.050908623678779  0.2861346687485024  7.554186182014576  23.70751037219631  8.142728418115134 
0.0005028087254942475  0.02400418228944371  1.596301891710934e-05  0.09223027315832605  1.05575187899343  0.3111704869596094  7.709374608186997  24.20194848300237  6.885161211030247 
0.0005314359158053253  0.02589007139594444  1.922581644356516e-05  0.1323976163299523  1.062067183013308  0.3455992886422869  7.867823170917793  24.70640960228445  5.581683830672045 
0.0005616929824163816  0.02797697019855779  2.354316318252855e-05  0.1533442280102485  1.069891617380452  0.3831611170673498  8.023103546020138  25.20036832101637  4.540963916870994 
0.0005936727216069126  0.0305512253250359  2.913748138247599e-05  0.191945585197072  1.079631266098357  0.413909668193418  8.198916872665707  25.75932294415048  3.891345307893229 
0.0006274732129711574  0.0333978203452747  3.612995780694132e-05  0.2155077298181531  1.090977900355164  0.4406805478829749  8.368506097474748  26.29797349126849  3.432915796036341 
0.0006631981202212661  0.03680486561957012  4.366673834339136e-05  0.2222987553558668  1.102647540699564  0.4554577301527628  8.57586507300439  26.9568630705599  3.213769742225582 
0.0007009570091165632  0.04054674160657813  5.25863950708771e-05  0.2394870480518561  1.115567597931495  0.4682784776379753  8.779982605463584  27.60505687622085  3.040202535023269 
0.0007408656834939568  0.04490562150628814  6.232847253478665e-05  0.2583011707855854  1.129034869119489  0.4818218858682996  9.015694416005569  28.35377854160989  2.871692051751837 
0.0007830465404301183  0.04965617988326634  7.367739955087101e-05  0.2669228979552484  1.143746882985538  0.4947113066052978  9.245878665052839  29.08457112874804  2.724000857117751 
0.0008276289456246369  0.05493377684492687  8.622475972777438e-05  0.2961378013764558  1.159116647905216  0.5078017182720017  9.489157047695803  29.85693775740652  2.585369257014069 
0.0008747496301554433  0.06072927918096738  0.0001005656516226635  0.3065317166938516  1.175694348219971  0.5203675627493971  9.732334449400236  30.62874725350474  2.462013776040733 
0.000924553109823358  0.06718260460155867  0.0001165795774003157  0.3369263105637598  1.193275498737828  0.5327427158868859  9.987159369578821  31.43750475172127  2.348961353934412 
0.0009771921283717997  0.07457730844672816  0.0001346353419758847  0.3492137310425101  1.212355067872824  0.5446607895266362  10.26366908220467  32.31511774991746  2.247287778096908 
0.001032828125941028  0.08262933177492071  0.0001549499401550398  0.3813048345346715  1.232654235496304  0.5561417072908902  10.53813389813598  33.18606432845245  2.155460064620125 
0.001091631734193617  0.09128210502340572  0.0001775590091852975  0.3940887800301138  1.253936783907819  0.5673117931422913  10.80765977537114  34.04119864325402  2.071415821518539 
0.001153783299629662  0.1005667221880135  0.0002030800803793332  0.4272670852385576  1.276579046551278  0.5778579470995466  11.06580985891791  34.86000205374975  1.996497320531474 
0.001219473436696738  0.110521947848553  0.0002312404180376219  0.4420211721546695  1.300145117225655  0.5881994392968218  11.32136145498848  35.67051570262678  1.926911195630225 
0.001288903612390897  0.1207491583506457  0.0002630946184330372  0.4676262986529433  1.324871961563991  0.5979036187305693  11.54240373495076  36.37114161740725  1.864869939824476 
0.00136228676414165  0.1315970141482382  0.000298041675769507  0.4922034272366395  1.350377438075573  0.6074593652597988  11.75955660618499  37.05943475868704  1.806660079621686 
0.00143984795287601  0.1437891567021534  0.000337632436266072  0.5124928289770528  1.37828088590986  0.6162013155737004  11.98531758346672  37.77501151811842  1.755762099808983 
0.001521825053264387  0.1573697968441223  0.0003810883335729667  0.547818870915399  1.407785133847225  0.6245475759018194  12.231529081584  38.55567427574443  1.709148736648451 
0.001608469483265355  0.1720022438753263  0.0004296960252572022  0.5659070775515107  1.439148142338302  0.6321871013691871  12.46942383869026  39.3098479724707  1.668090662098712 
0.001700046975206722  0.1874573992650364  0.000483196907110147  0.6026425530957923  1.471683020178477  0.6394864245962329  12.69752123839964  40.032904437371  1.630227644976891 
0.001796838390767723  0.2039181806089065  0.000542553904870712  0.6212704948009086  1.505867375182214  0.6462314385342915  12.91587583258322  40.724990273299  1.596374375492809 
0.001899140582361935  0.2213823876268746  0.0006080079073508199  0.658633421805525  1.541531360798017  0.6525369481965425  13.12641932428215  41.39227967160389  1.565671684796635 
0.002007267303562577  0.2396932192792223  0.0006801288086910633  0.678327505092453  1.578526421755018  0.6585181459480787  13.32363583715211  42.01724276933688  1.537359439810764 
0.002121550171362457  0.2590215903806681  0.0007598930502300427  0.7175398174819123  1.617199803881054  0.6640164963591012  13.50913665560925  42.60499270384106  1.512004817121726 
0.00224233968321984  0.2792831332825352  0.0008472937212412975  0.7382961113518811  1.657144582010341  0.6694006621340666  13.6862355502056  43.16610350123527  1.487779729196101 
0.00237000629200933  0.3008655336007623  0.0009441280178340586  0.7786257833363437  1.69923072824909  0.6742610107658792  13.85570323975286  43.70298415003293  1.466407988596496 
0.002504941542174502  0.3233141211795428  0.001049689156894879  0.8003544860679874  1.742361487843301  0.6789208675572811  14.01736460142659  44.21513908280165  1.44634732727245 
0.002647559270567064  0.3472233606539965  0.001166577793275938  0.8287578164545347  1.787847223637837  0.6829078407847829  14.17206609728011  44.7052011007021  1.429508408430501 
0.00279829687565511  0.3720102520593859  0.001293923547491015  0.865010510304999  1.834407061614517  0.6870757841029491  14.31875715751177  45.16988815655638  1.41221762742811 
0.002957616658993245  0.398306199179221  0.001434598712202953  0.8904300845805708  1.883358482016741  0.6907494489035224  14.4586888690905  45.61312764142463  1.397236165499728 
0.003126007243068704  0.4256205115689329  0.001588119356610917  0.9328857804011081  1.933654957148755  0.6945639532399623  14.59126447475398  46.03306277476726  1.381931230614728 
0.003303985069871855  0.454410978949678  0.001757156994671151  0.9624132887519294  1.986240559747179  0.6926380528535007  14.71692146109575  46.43105330486987  1.389626915298764 
0.003492095984787264  0.4844511925268042  0.001942355482384162  1.006568955115687  2.040665996142086  0.6817637833799286  14.83507379981085  46.80525155691225  1.434310106388235 
0.003690916910662782  0.5153924133069447  0.002130517574581975  0.9133991239627165  2.092625015977319  0.6750069109222177  15.00307642200572  47.33816003676722  1.46316894142554 
0.003901057617190994  0.5484944266194746  0.002329255726927101  0.9567266819978681  2.145577565474602  0.6710589536597391  15.20301639472953  47.97266459943446  1.480435742146483 
0.004123162591029748  0.5601972389999998  0.00257529073097779  0.9890580036185838  2.184788356648508  0.667665982  14.95220672807947  47.17416594444803  1.495520649535468 
0.004357913012397021  0.560197239  0.002864861604407825  1.043260243761528  2.217590260902482  0.667665982  14.44149707460129  45.54830984811867  1.495520649535468 
0.004606028844202388  0.5601972389999996  0.003186992409705125  1.100427706946022  2.252114836024298  0.667665982  13.89772139955336  43.81555408056239  1.495520649535468 
0.004868271040122284  0.560197239  0.003545344251146687  1.16072235081392  2.288452552216421  0.667665982  13.31714869201162  41.96329928630465  1.495520649535468 
0.005145443878390925  0.560197239  0.003943989894943539  1.224314965881269  2.326698630941505  0.667665982  12.69518246045786  39.97580949713318  1.495520649535468 
0.005438397428464791  0.560197239  0.004387460057337365  1.291385656605817  2.366953294446265  0.667665982  12.02604159012903  37.8329272997053  1.495520649535468 
0.005748030158125363  0.5601972389999996  0.004880794897423671  1.362124348621562  2.40932202838967  0.667665982  11.30228247222466  35.50803094374537  1.495520649535468 
0.006075291689016078  0.5601972389999996  0.005429601299931561  1.436731323561998  2.45391585826368  0.667665982  10.51406504501278  32.96460772439681  1.495520649535468 
0.006421185709064759  0.560197239  0.006040116598994934  1.515417782970916  2.500851640330914  0.667665982  9.648005870447664  30.15010238902045  1.495520649535468 
0.006786773050723288  0.5601972389999997  0.006719279467152403  1.598406442880747  2.550252367841579  0.667665982  8.685416063682231  26.98384530830578  1.495520649535468 
0.007173174944465598  0.5601972389999998  0.007474808775249231  1.685932160724396  2.602247493332129  0.667665982  7.600034372715299  23.33030683616089  1.495520649535468 
0.007581576457522118  0.5601972389999998  0.008315291319505418  1.778242596336795  2.656973267850219  0.667665982  6.358652502501503  18.92870278522138  1.495520649535468 
0.008013230128396887  0.5601972389999996  0.009250279412791551  1.875598908897654  2.714573097994847  0.667665982  4.952733199735842  13.16170273588993  1.495520649535468 
0.008469459808314577  0.5601972389999998  0.01029039944926484  1.978276491767525  2.775197921707369  0.667665982  3.577299236609921  5.571848846934288  1.495520649535468 
0.00895166472137832  0.5601972389999998  0.01144747267623072  2.086565747274908  2.839006603798027  0.667665982  2.65343295141281  2.936276591502998  1.495520649535468 
0.009461323755890779  0.5601972389999996  0.01273464954583566  2.200772903624011  2.906166352244523  0.667665982  2.153691330507744  2.233430597405275  1.495520649535468 
0.01  0.5601972389999998  0.01416655917353541  2.321220876210412  2.976853156353541  0.667665982  1.864870133738422  1.897496257787908  1.495520649535468 
