# PlotEOS table
# Tabulated(filename=/Users/mbdeaton/EsOS/HShen_Tabulated.dat;)
# slice Temp = 0.01, Ye = 0.1, global minimum enthalpy = 0.9978583998657838
# WARNING: You are taking a constant-ye slice through a composition-dependent EOS. That's a strange thing to do.
# Units are geometric, with Msun=1.
# Conversion to cgs: rhoscale=6.177e17, Energypermassscale=8.989e20, Pscale=5.552e38
# [1] rho
# [2] eps, specific energy (E/rho)
# [3] P
# [4] dP/drho
# [5] h, specific enthalpy (1+eps+P/rho)
# [6] cs, adiabatic relativistic sound speed (nonrelcs/sqrt(h))
1e-10  0.004408521430632925  2.116614950969106e-15  2.583712320023109e-05  1.004429687580143  0.009255205967974684  
1.03760501976691e-10  0.004408521430632776  2.250993792672853e-15  2.649715700879376e-05  1.004430215560381  0.009255205967974684  
1.076624177045493e-10  0.004408521430632851  2.393904026961448e-15  2.717404266225892e-05  1.004430756710854  0.009255205967974684  
1.117110650504822e-10  0.004408521430632926  2.545887291629275e-15  2.78682101907919e-05  1.004431311360086  0.009255205967974684  
1.159119618598886e-10  0.004408521430632854  2.707519611764231e-15  2.858010059264332e-05  1.004431879844798  0.009255205967974684  
1.20270833476851e-10  0.004408521430632862  2.879413582914948e-15  2.931016611375839e-05  1.004432462510109  0.009255205967974684  
1.247936205471311e-10  0.004408521430632765  3.062220692862382e-15  3.005887053451233e-05  1.004433059709749  0.009255205967974684  
1.294864871145902e-10  0.004408521430632819  3.256633790794855e-15  3.082668946375083e-05  1.004433671806269  0.009255205967974684  
1.343558290220826e-10  0.004408521430632783  3.463389713245455e-15  3.161411064032408e-05  1.004434299171267  0.009255205967974684  
1.394082826282576e-10  0.004408521430632813  3.683272076743601e-15  3.242163424230279e-05  1.004434942185607  0.009255205967974684  
1.446507338521647e-10  0.004408521430632943  3.917114247765781e-15  3.324977320407433e-05  1.004435601239656  0.009255205967974684  
1.500903275579733e-10  0.004408521430632804  4.165802501240985e-15  3.409905354151715e-05  1.004436276733516  0.009255205967974684  
1.557344772926135e-10  0.00440852143063275  4.430279379582555e-15  3.497001468546186e-05  1.004436969077272  0.009255205967974684  
1.615908753895916e-10  0.004408521430632928  4.711547264976505e-15  3.586320982364712e-05  1.004437678691237  0.009255205967974684  
1.676675034527701e-10  0.004408586522842663  4.934189618479122e-15  3.623792095082737e-05  1.004438014942285  0.009387177631351194  
1.739726432343799e-10  0.004408654747617455  5.163795965572976e-15  3.659227148109052e-05  1.004438336402558  0.009525500435475891  
1.80514887922111e-10  0.004408693767000883  5.413684095221451e-15  3.848540899942052e-05  1.004438684003028  0.009570409205629531  
1.873031538506435e-10  0.004408731251477592  5.676445578684609e-15  3.892938343056411e-05  1.004439037444737  0.009610408545606445  
1.943466926536022e-10  0.004408747575193646  5.959576289410042e-15  4.050870894428706e-05  1.00443941224053  0.009584515878940238  
2.016551038724744e-10  0.004408762692243197  6.257535952119002e-15  4.102831586067773e-05  1.00443979357533  0.009554865801425717  
2.092383480396979e-10  0.004409385274590252  6.585666894086382e-15  4.371096609874763e-05  1.004440859748346  0.009516718221050387  
2.171067602537263e-10  0.004410045234306812  6.932217907764586e-15  4.437351370274774e-05  1.004441975229944  0.009478047788912949  
2.252710642645983e-10  0.004410927779992838  7.303090638085471e-15  4.583055558494877e-05  1.004443346904313  0.0094360019857605  
2.337423870891813e-10  0.004411825033026683  7.694456356868493e-15  4.656489547133789e-05  1.004444743565488  0.00939373315527193  
2.425322741760356e-10  0.00441296016977366  8.119654928937837e-15  4.889190872939203e-05  1.004446438827229  0.009409907248051054  
2.516527051405389e-10  0.004414112115111266  8.569516903846484e-15  4.975479228618159e-05  1.004448165064787  0.009430210850928709  
2.611161100917462e-10  0.004415301566079824  9.04622947596252e-15  5.083183926103787e-05  1.004449946036974  0.009455926837524633  
2.709353865732049e-10  0.004416493840562031  9.54983954802517e-15  5.174127020573187e-05  1.004451741504844  0.009482050281316519  
2.811239171408467e-10  0.004417845662653194  1.008776301786501e-14  5.332536982912727e-05  1.004453729350959  0.009451084412342207  
2.916955876018793e-10  0.004419210239943149  1.065674526285497e-14  5.43146092164968e-05  1.004455744029674  0.009415554479171818  
3.026648059395695e-10  0.004420712141566772  1.125440950868352e-14  5.494940050006714e-05  1.004457896542554  0.00937645612324299  
3.140465219496749e-10  0.004422225667737371  1.188555592641511e-14  5.595299579916734e-05  1.004460072149375  0.00933705569923117  
3.25856247615323e-10  0.004424327214819095  1.253660383850625e-14  5.547664122753078e-05  1.004462800019715  0.009282956044026526  
3.381100782480682e-10  0.004426481328466967  1.322220868759203e-14  5.642096879280691e-05  1.00446558755315  0.009227542340131905  
3.508247144239796e-10  0.00442870848790753  1.39346642825842e-14  5.64056741066295e-05  1.004468428221751  0.009216093745716091  
3.640174847446137e-10  0.004430942527011994  1.468488328649943e-14  5.732328684464156e-05  1.004471283675176  0.009208785912106086  
3.777063694539372e-10  0.004433316352904343  1.545306432692986e-14  5.636843680447714e-05  1.004474229256622  0.009286159272412293  
3.919100249433402e-10  0.004435704019406098  1.625965193652992e-14  5.720347520426717e-05  1.004477192246044  0.009371917111081526  
4.066478091781862e-10  0.004437714927778998  1.707608511609747e-14  5.552812565049454e-05  1.004479707248236  0.009473585024026374  
4.219398080805024e-10  0.004439686696821168  1.793072764855603e-14  5.624583706909748e-05  1.004482182634169  0.009576905747125216  
4.378068629038175e-10  0.004441272297593495  1.879173131154223e-14  5.431282332738151e-05  1.004484194720479  0.009695532349651901  
4.542705986374043e-10  0.004442815883213759  1.969086130609151e-14  5.491056923182991e-05  1.00448616198874  0.009815824233608161  
4.713534534786916e-10  0.004444298272217068  2.064437781192372e-14  5.62027393784205e-05  1.004488096355502  0.009906170541743465  
4.890787094139589e-10  0.004445773699511833  2.16463913788028e-14  5.68555137195024e-05  1.004490033224537  0.009993110250154966  
5.074705239490477e-10  0.004447215871092455  2.270348328121597e-14  5.784794444754834e-05  1.004491954397194  0.01006394437500213  
5.265539630332755e-10  0.004448654093096385  2.381404168623277e-14  5.853939762516931e-05  1.004493880306093  0.0101328657386895  
5.463550352214887e-10  0.004450168360140451  2.500692176446733e-14  6.079485613116349e-05  1.004495938821017  0.01018991666365222  
5.669007271207434e-10  0.004451692042562522  2.62642372186979e-14  6.159454682795601e-05  1.00449802156017  0.01024549787188894  
5.882190401699968e-10  0.004453235337387678  2.759185234549564e-14  6.272328657797712e-05  1.004500142782508  0.01029778909342218  
6.103390288028621e-10  0.004454781160413953  2.898866233963937e-14  6.356777785023898e-05  1.004502277160132  0.01034965620841165  
6.332908400455127e-10  0.004456313039001  3.043590912064096e-14  6.333312512932694e-05  1.004504372962177  0.01039876552393759  
6.571057546036271e-10  0.004457843048338718  3.195387746295908e-14  6.414457637479941e-05  1.004506471259611  0.01044750515698596  
6.818162294944493e-10  0.004459372587619489  3.354518615720622e-14  6.478279835066604e-05  1.004508572334862  0.0104963177741725  
7.074559422819879e-10  0.004460902061450004  3.521685153535139e-14  6.561094635749376e-05  1.004510681629944  0.01054514055355151  
7.340598369757197e-10  0.00446242968302709  3.697002710390732e-14  6.629594885632114e-05  1.004512793461621  0.01059863587357833  
7.616641716552892e-10  0.004463957037000593  3.881181434922649e-14  6.714304497876644e-05  1.004514913634138  0.01065280625720127  
7.903065678861364e-10  0.004465509550134143  4.075419661860602e-14  6.828600426462207e-05  1.004517077129444  0.01070256585437651  
8.200260619934131e-10  0.004467065831084898  4.279691006512008e-14  6.917720653994725e-05  1.004519255526082  0.01075166489546881  
8.508631582640564e-10  0.004468694205089257  4.497349949188799e-14  7.120701432562924e-05  1.004521550529934  0.01078902860294046  
8.82859884149515e-10  0.004470333760214991  4.726770760188403e-14  7.219238756076654e-05  1.004523873068604  0.01082457224345948  
9.160598475443691e-10  0.00447203278500012  4.966410548682974e-14  7.258436049527676e-05  1.0045262476986  0.010847055466185  
9.505082962189511e-10  0.004473741353254005  5.218153485316026e-14  7.356867506211191e-05  1.004528639911279  0.01086744280181068  
9.862521794868765e-10  0.004475535787543229  5.480364335543803e-14  7.37208096957461e-05  1.004531103363966  0.01086916351680829  
1.023340212191642e-09  0.004477344467870033  5.755584965309814e-14  7.469071209411012e-05  1.004533587591093  0.01086778725191141  
1.061822941099382e-09  0.004479290796284905  6.041440211333636e-14  7.459559102283958e-05  1.00453618766654  0.0108939834760295  
1.101752813788387e-09  0.004481260716886842  6.341187707138526e-14  7.553816917004931e-05  1.004538816165149  0.01092490548553966  
1.143184250129148e-09  0.004483338678544105  6.653003489318671e-14  7.558573697256467e-05  1.004541535801961  0.01097701320575395  
1.186173716452479e-09  0.004485435756089293  6.979936337345569e-14  7.651015109652758e-05  1.004544279888618  0.01103286934988526  
1.230779802506663e-09  0.004487371407244149  7.324194503588662e-14  7.768606759784421e-05  1.004546879976435  0.01111671023344825  
1.277063301308645e-09  0.004489277594685116  7.68600096857219e-14  7.865424996568146e-05  1.004549462559367  0.01120565892099297  
1.325087291997951e-09  0.004491119302013877  8.066067250081457e-14  7.962988843239672e-05  1.004551991270969  0.01130465108343085  
1.37491722580642e-09  0.004492948876523867  8.465363088924818e-14  8.063016429029725e-05  1.004554518860011  0.01140553306360387  
1.426621015260735e-09  0.004494703260647897  8.886865114868993e-14  8.211252354754301e-05  1.004556996364561  0.01145431856834015  
1.48026912673951e-09  0.004496443068324175  9.330235740070851e-14  8.317234968131865e-05  1.004559473740055  0.01149300462284156  
1.535934676510895e-09  0.004498179013202082  9.795983010512849e-14  8.419602461749536e-05  1.004561957656658  0.01152322105445854  
1.593693530381776e-09  0.004499914187018535  1.028545660628436e-13  8.528899106230706e-05  1.004564452672055  0.01155174684590472  
1.653624407094179e-09  0.004502065853844809  1.080674353186178e-13  8.779620846006214e-05  1.004567417716611  0.01155876482786865  
1.715808985610007e-09  0.004504303076493396  1.135647367839538e-13  8.900575181504139e-05  1.004570490360589  0.01156136468448821  
1.780332016430112e-09  0.004506581817579274  1.193364133626707e-13  9.00241287888733e-05  1.004573612243512  0.01156706057651579  
1.847281437099636e-09  0.004508869330824912  1.254051108551496e-13  9.12638053184132e-05  1.004576755635714  0.01157341060962251  
1.916748492056813e-09  0.004511355036724465  1.317705044566135e-13  9.219634738464227e-05  1.004580101930228  0.0115948080771126  
1.988827856988812e-09  0.004513883790993213  1.384616716226364e-13  9.346059918864942e-05  1.004583503527632  0.01161947391756566  
2.063617767863857e-09  0.004516468827497178  1.454736154739846e-13  9.430936986324113e-05  1.004586963285211  0.01165043024249167  
2.141220154815732e-09  0.004519066425298192  1.528422139554515e-13  9.559289808781702e-05  1.004590447321658  0.01168279050318774  
2.221740781062882e-09  0.004521780566662767  1.605457549498368e-13  9.61763649505925e-05  1.004594041811682  0.01172827435822565  
2.305289387051711e-09  0.004524521422430097  1.686351136371622e-13  9.746375797869149e-05  1.004597672808362  0.01177676643584164  
2.391979840020237e-09  0.004527289264695596  1.771287563716052e-13  9.859199047813811e-05  1.004601340372238  0.01183278629698118  
2.481930289186258e-09  0.004530063457445331  1.860568046625591e-13  9.991402040330073e-05  1.004605028014457  0.01189057760208253  
2.575263326771199e-09  0.004532867289155885  1.954315360658055e-13  0.0001010756934910809  1.004608755270798  0.01195647740451938  
2.672106155079438e-09  0.004535678278080808  2.052859584352509e-13  0.0001024335676781567  1.004612503803161  0.01202433524632452  
2.772590759860481e-09  0.004538510733439035  2.156270102829382e-13  0.0001035419686765004  1.004616281680888  0.01209017828128172  
2.876854090190597e-09  0.004541348506049855  2.264953416304347e-13  0.000104931967786631  1.004620078721254  0.01215552224698021  
2.98503824511873e-09  0.004544199741942576  2.379016617428447e-13  0.0001060815824961941  1.004623897769977  0.01221948622463872  
3.097290667331413e-09  0.004547054397297884  2.498897518025608e-13  0.000107505400601252  1.004627734507317  0.01228309970697555  
3.213764344100276e-09  0.004549960906430659  2.624363404248957e-13  0.0001082971457677483  1.004631621013497  0.01234517112718627  
3.334618015786369e-09  0.004552880914732218  2.756115557121278e-13  0.0001097339669153522  1.004635532527123  0.01240684110012709  
3.460016392185109e-09  0.004555816910682102  2.894273881660289e-13  0.0001108194667794004  1.004639466048536  0.01246774371600981  
3.590130377007076e-09  0.00455875717122802  3.03942244585424e-13  0.0001122855837314525  1.004643417674516  0.0125284416446443  
3.72513730080021e-09  0.004561756882111167  3.191554905505547e-13  0.0001133249699121369  1.004647433050472  0.01259288290105404  
3.865221162631269e-09  0.004564772836042366  3.351353553199231e-13  0.0001148172573304574  1.004651478186453  0.01265834691114257  
4.010572880855496e-09  0.00456779982147891  3.519019184940361e-13  0.0001160395800137943  1.004655543375567  0.01272346192205946  
4.161390553316715e-09  0.004570829893136674  3.695183548090695e-13  0.0001175677805017538  1.004659626738824  0.0127884792954645  
4.317879727332022e-09  0.004573914828964427  3.879964069142316e-13  0.0001187705691998676  1.004663772914742  0.01285160925263269  
4.480253679829499e-09  0.004577015476561785  4.074089112289691e-13  0.0001203329264883272  1.004667949816522  0.0129141986994935  
4.648733708020257e-09  0.004580143479470214  4.277836977951977e-13  0.0001216628966398679  1.004672165033008  0.01297604452656513  
4.823549431001457e-09  0.00458327949901415  4.491928553549795e-13  0.000123265881278354  1.004676404460576  0.01303767243144831  
5.004939102700954e-09  0.004586499065975014  4.71674578101535e-13  0.0001247085520612307  1.004680740887588  0.01309797090280726  
5.193149936590223e-09  0.004589743680936929  4.953017787592808e-13  0.0001263577174554854  1.004685119663685  0.0131578708022644  
5.388438442608224e-09  0.004593032428461171  5.201035167329197e-13  0.0001277713909867471  1.004689554551201  0.01321594258137834  
5.591070776755281e-09  0.004596334708200122  5.461662052477348e-13  0.0001294642780329488  1.004694020147547  0.0132734538102741  
5.801323103833378e-09  0.004599704928363883  5.735295800083253e-13  0.0001309425359793664  1.00469856678621  0.01332839512783064  
6.019481973827286e-09  0.004603096449157106  6.022862056873031e-13  0.0001326819647015553  1.004703152601548  0.01338253072876669  
6.245844712439618e-09  0.004606583008550821  6.324657206111089e-13  0.0001341215672588879  1.004707844847378  0.01343684818373194  
6.480719826311958e-09  0.004610100026392664  6.641776023116126e-13  0.000135904531730748  1.004712585185466  0.01349122392018966  
6.724427423484249e-09  0.004613697833253467  6.974587071195863e-13  0.0001373775185233306  1.004717417996056  0.0135456993482559  
6.977299649665552e-09  0.004617322100545029  7.324294836143069e-13  0.0001392051032711097  1.004722295302269  0.01360020742782516  
7.239681140910876e-09  0.004621045430169383  7.691214852773743e-13  0.0001406637338350263  1.004727282358331  0.01365969263766774  
7.511929493320954e-09  0.004624801910075042  8.076724087813303e-13  0.0001425343376637322  1.004732320545533  0.01372084339750894  
7.794415750404951e-09  0.004628603657501662  8.481260045742697e-13  0.0001440512647152931  1.004737415662369  0.01378389912029596  
8.087524908770441e-09  0.00463242087885415  8.906304678070429e-13  0.0001459673869961177  1.004742544863368  0.0138476060220057  
8.391656442830161e-09  0.004636333491481525  9.352205691402437e-13  0.0001474638325506004  1.00474777997115  0.01391251089565111  
8.707224849239903e-09  0.004640279405491266  9.820656962517322e-13  0.0001494235295708532  1.004753066856517  0.01397783398491571  
9.034660211810535e-09  0.004644245205103696  1.031223844394275e-12  0.0001510142305298906  1.004758386060456  0.01404300222284144  
9.374408787662981e-09  0.004648218092986768  1.082872875752467e-12  0.0001530220123245738  1.004763731817669  0.01410811526363695  
9.726933615426179e-09  0.00465232785523402  1.137041894981762e-12  0.0001545297475091291  1.004769224087894  0.01417309437112077  
1.00927151463057e-08  0.004656487423636231  1.193942221171339e-12  0.000156580156052164  1.004774784849439  0.0142380247426461  
1.047225189888435e-08  0.00466067205659503  1.253654949393015e-12  0.0001582544665203208  1.00478038412631  0.01430331257944839  
1.086606113854596e-08  0.00466486599837949  1.316392155464899e-12  0.0001603560734721134  1.00478601313152  0.01436873317671126  
1.127467958244947e-08  0.004669183599914622  1.382236185853376e-12  0.0001620881127536937  1.004791780093744  0.01443809054344513  
1.169866413101306e-08  0.004673548067126994  1.451417370034956e-12  0.0001642432678469809  1.004797614999366  0.01450893990223867  
1.213859262690629e-08  0.00467796601796058  1.524141256728325e-12  0.0001663875484976489  1.004803527629885  0.01457986830270494  
1.259506464258356e-08  0.004682404649223864  1.600603283470258e-12  0.0001686183740018671  1.004809486433152  0.01465082726609247  
1.306870229743348e-08  0.004686961050231937  1.681165335088902e-12  0.0001713631033914979  1.004815601621945  0.01472260095575184  
1.356015110565632e-08  0.004691563903630709  1.765958102809629e-12  0.0001737021722466503  1.004821795350836  0.01479469600114135  
1.407008085602686e-08  0.004696231487685353  1.854780016269689e-12  0.0001750704875635943  1.004828055891201  0.01486007509763805  
1.459918652473977e-08  0.004700925112040739  1.948039232043704e-12  0.0001774384717378154  1.004834359891351  0.0149227524553129  
1.514818922258347e-08  0.004705695143434489  2.045673512910904e-12  0.0001786929852264798  1.004840739238993  0.01497769148596353  
1.571783717773161e-08  0.00471049651920617  2.148148549925657e-12  0.0001810832333876336  1.00484716599387  0.01502945603096746  
1.630890675549334e-08  0.004715343793469913  2.254231528115419e-12  0.0001794509911144528  1.004853564678653  0.01510280769639152  
1.692220351641035e-08  0.004720210265298849  2.364981779228085e-12  0.0001817055034170543  1.004859966401486  0.01518518842008701  
1.755856331414471e-08  0.004725107865031233  2.480069623463399e-12  0.0001811055280948943  1.004866353454382  0.01528077018145303  
1.821885343465165e-08  0.004730018737259703  2.600374394178411e-12  0.0001832872506136515  1.004872748596935  0.01538198067790416  
1.890397377819223e-08  0.004735077480263136  2.73130803200245e-12  0.0001952647030356051  1.004879560754735  0.01552255280717841  
1.961485808579429e-08  0.004740200488477509  2.871117665340482e-12  0.0001980667403682531  1.004886575122073  0.01568023165450597  
2.03524752118358e-08  0.004745373370989426  3.019699744986534e-12  0.0002037567945548119  1.004893743518284  0.01584778463927238  
2.111783044448242e-08  0.004750568343684369  3.176826181279856e-12  0.0002068313471543328  1.004901001703287  0.01601971104918841  
2.191196687578152e-08  0.004755969929559756  3.347056370073601e-12  0.0002187422199251053  1.004908720086086  0.01605872255657859  
2.273596682327715e-08  0.004761464765625789  3.528843071900501e-12  0.0002224770532579189  1.004916674486828  0.01603774592579551  
2.359095330508639e-08  0.004766994270063368  3.719321333691597e-12  0.0002239109179875257  1.004924653067722  0.0159935619081314  
2.44780915704444e-08  0.004772539716274764  3.919623105725705e-12  0.0002276466794508921  1.00493266752258  0.01593870629288065  
2.539859068780729e-08  0.004778233010773607  4.104699671185786e-12  0.0001890946325860573  1.004939844326993  0.01573058782551268  
2.635370519267393e-08  0.004783995564128329  4.286076151030954e-12  0.0001907010198166672  1.004946632131537  0.01545067407410355  
2.734473679737586e-08  0.004789802068073417  4.470795773285308e-12  0.000184693678905809  1.00495329955596  0.01532485838783273  
2.837303616516211e-08  0.004795629543341284  4.661405935314338e-12  0.0001860315261855477  1.004959919537129  0.01527257163826778  
2.944000475100034e-08  0.00480159913556175  4.842426725791703e-12  0.0001618930780198535  1.004966083712475  0.0157737119825076  
3.054709671159968e-08  0.00480763779265552  5.021914116744984e-12  0.0001623574983208796  1.004972036856965  0.01654380245217863  
3.169582088726115e-08  0.00481377326523068  5.266720939781079e-12  0.0002390944898515415  1.00497993778763  0.01734599589971544  
3.28877428582551e-08  0.00481995665113498  5.554183853032326e-12  0.0002432458445441792  1.004988839747703  0.01816407689464205  
3.41244870785289e-08  0.004826300033735299  5.969835476771214e-12  0.000387245264776606  1.005001242896995  0.01905002856168879  
3.540773908965269e-08  0.004832724042221148  6.477910595909699e-12  0.0004046258622296004  1.005015675870337  0.01997018176638937  
3.673924781802074e-08  0.004839431504920006  7.010045471389684e-12  0.0004008411150248105  1.005030236866699  0.02045913761403656  
3.812082795843888e-08  0.004846284396877767  7.57511622044224e-12  0.0004171699294450736  1.00504499771519  0.02072686298062037  
3.955436244734702e-08  0.004853397068795438  8.165391585948529e-12  0.0004123787864906642  1.005059831734423  0.02063806931365161  
4.104180502904709e-08  0.004860645426707972  8.790125494420168e-12  0.0004276278799548336  1.005074820351232  0.02036306174591106  
4.258518291843414e-08  0.00486921437247727  9.380020821036201e-12  0.0003598546143770214  1.005089479266936  0.0198631617515392  
4.418659956385942e-08  0.004878485442390153  9.963240688161323e-12  0.0003685076360753478  1.005103966488375  0.01924369197498099  
4.584823751389096e-08  0.004888401581017844  1.053820060098628e-11  0.0003351764100113114  1.005118251214775  0.01847865497378025  
4.75723613918789e-08  0.004898666802174748  1.112131015305389e-11  0.000341219771610955  1.005132443512594  0.0176348434579587  
4.936132098237917e-08  0.004907975610943664  1.159124910783935e-11  0.0002197468058902247  1.005142800143131  0.01690389008700705  
5.121755443364241e-08  0.004916757671979006  1.199947566941305e-11  0.0002200995025846591  1.005151042104379  0.01623509376543222  
5.314359158053241e-08  0.004925349779017132  1.238948852503269e-11  0.0001926874223854321  1.005158482093875  0.0155615817921013  
5.514205739240302e-08  0.004933835422104809  1.277431467098616e-11  0.0001924398575338358  1.005165497338164  0.01488542682666667  
5.721567555063251e-08  0.004942139131827029  1.314320665733129e-11  0.0001695938675720915  1.005171852519475  0.01505727233633148  
5.936727216069126e-08  0.004950339082518025  1.350748463027872e-11  0.000169025428272372  1.005177863173464  0.01571274385378154  
6.159977960380168e-08  0.004958598550444423  1.391388738664943e-11  0.0001894516943094115  1.005184474153834  0.01637001220947747  
6.391624053344005e-08  0.004966892554993879  1.435254558840481e-11  0.0001892848243408324  1.005191444960902  0.01702832323333528  
6.631981202212676e-08  0.004975542044890074  1.503815080208561e-11  0.0003429853880681378  1.005202294056748  0.01776344937170386  
6.88137698641567e-08  0.00498440140362074  1.590209549692815e-11  0.0003498278406715911  1.005215490261684  0.01854392505462155  
7.140151304013404e-08  0.004993349058476312  1.681390493847387e-11  0.0003552361579810697  1.005228832933013  0.01916031359947971  
7.408656834939568e-08  0.005002349743609022  1.777720931588094e-11  0.000362276655834939  1.005242301596043  0.0196781521080538  
7.687259521663736e-08  0.005011552993284559  1.879108448716455e-11  0.0003662552484447346  1.005255997511311  0.01987094125716987  
7.976339067929281e-08  0.005020879999988392  1.986019216451046e-11  0.0003733900440558835  1.005269868815476  0.01986514114638374  
8.276289456246335e-08  0.005030324217276386  2.095135628433053e-11  0.0003588958006513008  1.005283473365758  0.01985587945387539  
8.587519484845179e-08  0.005039841274062352  2.207774510699725e-11  0.0003649179474338463  1.005296932336807  0.01984446659152283  
8.910453324821504e-08  0.005049505440520023  2.320963203579449e-11  0.0003421981171243925  1.005309981885317  0.01982861015317768  
9.24553109823358e-08  0.005059262590444462  2.436394695597307e-11  0.000346771600373484  1.005322783925207  0.01980994506807836  
9.593209477938232e-08  0.005069228228550866  2.559218589743201e-11  0.0003583331660825568  1.00533600219983  0.0198629064701041  
9.953962309984243e-08  0.005079327890573453  2.689418018725196e-11  0.0003634725357162591  1.005349513564878  0.01996191202768762  
1.032828125941027e-07  0.005089577887945565  2.827494626391828e-11  0.0003733465591421567  1.005363340245435  0.02010901158325019  
1.071667648032864e-07  0.005099926166750342  2.973593591466401e-11  0.0003789584562932564  1.005377399653696  0.0202875524933159  
1.111967731120698e-07  0.005110533797013003  3.128375060740252e-11  0.0003884562583266223  1.005391870653577  0.02044886316728526  
1.153783299629662e-07  0.005121313845392685  3.292081213559939e-11  0.0003945180013218438  1.005406643093495  0.02059871909606941  
1.197171343418966e-07  0.00513219593754462  3.464758054527108e-11  0.0004013181077925488  1.005421607981491  0.02074203300379563  
1.242190995452619e-07  0.005143147012371002  3.646862588229732e-11  0.0004076642638669365  1.005436730092717  0.02088092443571771  
1.288903612390892e-07  0.005154380070470218  3.837687363858412e-11  0.0004100437145960596  1.005452128274988  0.02101234152240975  
1.337372858212498e-07  0.005165806954919508  4.037978380711042e-11  0.0004164047610780593  1.005467740582173  0.02113862098147725  
1.387664790981307e-07  0.005177300561983988  4.248589119985397e-11  0.0004213807374415155  1.005483468820168  0.02126384760440682  
1.43984795287601e-07  0.005188840800207209  4.470187772604489e-11  0.0004279118429089592  1.005499303287838  0.02138833842031714  
1.493993463605256e-07  0.005200730258576981  4.703912816973569e-11  0.0004352800968863762  1.005515585238305  0.02152370857226577  
1.550175117335772e-07  0.005212867855891868  4.950387449705795e-11  0.0004421211682293869  1.005532211612242  0.02166680905417897  
1.608469483265355e-07  0.005225102287770023  5.209838936338507e-11  0.0004481455967241608  1.005549002678206  0.02180948589745894  
1.668956009978027e-07  0.005237406671375082  5.483049573912419e-11  0.0004552116058491737  1.005565938372698  0.02195185671102532  
1.731717133723353e-07  0.005250035655001175  5.771078176649697e-11  0.0004625998671912456  1.005583293209845  0.02209580223046047  
1.796838390767723e-07  0.00526290301869352  6.074735152102257e-11  0.0004699692002569221  1.005600982123821  0.02224090418386096  
1.864408533970485e-07  0.005275926141754126  6.394391463164107e-11  0.0004763148928607418  1.005618897724787  0.02238555693325271  
1.934519653744048e-07  0.005289065546394859  6.731014537974848e-11  0.0004839200632417342  1.00563700796843  0.02252987433105339  
2.007267303562568e-07  0.005302472655450608  7.085472946974633e-11  0.0004906740972725758  1.00565546365642  0.02267428413547846  
2.082750630190519e-07  0.005316082920980136  7.458825395926782e-11  0.0004985359343644124  1.005674206706315  0.02281876406576942  
2.161072508808377e-07  0.00532991222824682  7.85162887472525e-11  0.0005047115257916357  1.005693233164621  0.02296569768439804  
2.242339683219845e-07  0.005343910503500915  8.265085623078067e-11  0.0005127910015434779  1.005712502545328  0.02311452406914728  
2.326662911331458e-07  0.005358125727297582  8.700076455651004e-11  0.0005191223272264646  1.005732055118327  0.02326564682637019  
2.414157116103018e-07  0.005372511057927081  9.157920654076446e-11  0.0005274253827688449  1.005751853421065  0.02341857014257728  
2.504941542174502e-07  0.005387187098001676  9.640568615580389e-11  0.0005358413910921864  1.005772049117864  0.02357614468814326  
2.599139918382933e-07  0.005402094822937363  1.014940710665612e-10  0.0005444903078842497  1.005792585809393  0.02373742609445462  
2.696880626390692e-07  0.005417169911948546  1.068547232712189e-10  0.000552479284321521  1.005813385903956  0.02390046230054431  
2.798296875655116e-07  0.005432380570230362  1.125033370475088e-10  0.0005614430569895449  1.005834422748193  0.02406491994026932  
2.903526884977814e-07  0.00544795750597693  1.184546533179182e-10  0.0005697159825910336  1.005855925670249  0.02422789875196966  
3.012714070881164e-07  0.005463835990583344  1.2472608082562e-10  0.0005790070029541625  1.005877835055517  0.024389660074341  
3.126007243068704e-07  0.005479827254025989  1.313298898946195e-10  0.0005868876387276591  1.005899947489466  0.02455020097629654  
3.243560807235811e-07  0.005495912882807141  1.382854768943658e-10  0.0005964769838317709  1.005922251358059  0.02470972071692464  
3.365534975507094e-07  0.005512445096741187  1.455997984079178e-10  0.0006030530400080914  1.005945065168936  0.02487385672920635  
3.492095984787272e-07  0.005529357077004922  1.532943031995802e-10  0.0006128568721143859  1.005968332133439  0.02504191831879312  
3.62341632332315e-07  0.005546372311554243  1.61395697470703e-10  0.0006210698651937192  1.005991796417064  0.02520987000362535  
3.759674965785468e-07  0.005563476781747363  1.699274027408726e-10  0.0006311842291849328  1.006015450434489  0.02537772670526661  
3.901057617190993e-07  0.005581003934872523  1.789234104322724e-10  0.000641372329350248  1.006039657530871  0.02555104107954498  
4.047756965997322e-07  0.005598902328058166  1.884098165571163e-10  0.0006519124907368245  1.00606436954395  0.02572914889724874  
4.199972946715306e-07  0.005616958663378872  1.983957707540038e-10  0.0006602551747576307  1.006089332588809  0.02590704000057182  
4.35791301239703e-07  0.005635155973229127  2.089097327019367e-10  0.0006711025776329159  1.006114536199745  0.02608473767097845  
4.521792417370702e-07  0.005653718366125996  2.19972539306484e-10  0.0006791110057162609  1.006140190364401  0.02626409376086214  
4.691834510607799e-07  0.005672611913352204  2.316151600572552e-10  0.000690240798242724  1.006166267773408  0.02644495414625824  
4.868271040122284e-07  0.005691743464888491  2.438786290707064e-10  0.0006999145486040723  1.006192698787755  0.02662791301804892  
5.051342468816767e-07  0.005711094405110479  2.567976901413685e-10  0.0007114237373775249  1.006219469538506  0.02681280624208433  
5.241298302206061e-07  0.005730760356390599  2.704087946064112e-10  0.0007216657284930811  1.00624667984621  0.0270009961469511  
5.438397428464802e-07  0.005750721388679883  2.847505160207328e-10  0.0007335833521760486  1.006274314082605  0.02719227415898785  
5.642908471262543e-07  0.005770996427905512  2.998516231231337e-10  0.0007432318049361903  1.006302374217657  0.02738286301854097  
5.855110155867244e-07  0.005791570374822392  3.157537994037766e-10  0.0007555158424147878  1.006330849382387  0.0275727958639939  
6.075291689016077e-07  0.005812394645384546  3.324982811783698e-10  0.0007654491856942232  1.006359690640702  0.02776190789429638  
6.303753153071269e-07  0.005833461063087957  3.501308636799767e-10  0.0007781117365164733  1.00638889344627  0.02795022592033325  
6.540805914998259e-07  0.005854919157027337  3.686774403045617e-10  0.0007866296453014568  1.006418576671248  0.02814165340936029  
6.786773050723288e-07  0.005876762270227884  3.881856167616046e-10  0.0007995795335538719  1.006448736040178  0.02833613751257685  
7.041989785449296e-07  0.005898790820801463  4.087171350782621e-10  0.0008093158224073531  1.006479190888866  0.02853093820911208  
7.306803950529492e-07  0.005921004609041576  4.303256170250037e-10  0.0008226232997928185  1.006509942836943  0.02872605515800987  
7.581576457522118e-07  0.005943696607039329  4.530910846808484e-10  0.0008343588054517617  1.006541317810518  0.02892466815931664  
7.866681790071574e-07  0.005966874035701595  4.770760570033369e-10  0.0008481401316795486  1.006573325484654  0.02912683000297864  
8.162508514287236e-07  0.005990185785672814  5.023321320618195e-10  0.0008592532384730546  1.006605599700626  0.02932838427821332  
8.469459808314576e-07  0.006013636093536735  5.289256816510264e-10  0.000873464355812843  1.006638145440794  0.02952931182190829  
8.787954011821328e-07  0.006037621144042168  5.568768432847102e-10  0.0008815208110212314  1.006671303162104  0.02973226646800053  
9.118425196146562e-07  0.006062166739558617  5.86247951428273e-10  0.0008959716501175041  1.006705093493705  0.0299373460281106  
9.461323755890779e-07  0.006086868455079511  6.171705537258193e-10  0.0009074727884704808  1.006739177338751  0.03014231811252486  
9.817117022752183e-07  0.006111736475940203  6.497234884160998e-10  0.0009223687526397866  1.006773563656884  0.03034717570948332  
1.018628990244686e-06  0.006137079715465284  6.840003962133688e-10  0.0009344092766813095  1.006808570908789  0.03055628095617735  
1.056934553557987e-06  0.006162937385408015  7.200885515255396e-10  0.0009497773486101674  1.006844236477297  0.03076998433924728  
1.096680598336867e-06  0.006189034186925863  7.58066877057797e-10  0.0009609994741950983  1.006880271798139  0.03098200867043045  
1.137921293915314e-06  0.006215394051610082  7.980254768793138e-10  0.0009767847343414467  1.006916695170718  0.03119218591511222  
1.180712846666189e-06  0.006242163098183289  8.400572044041909e-10  0.0009873280212539216  1.006953646171122  0.03140049744595303  
1.225113576604118e-06  0.006269389585509342  8.842548815798424e-10  0.001003485255545602  1.006991163385479  0.03160672322088264  
1.271183996869028e-06  0.006296941197782758  9.307305231849003e-10  0.001013635211670314  1.007029117283603  0.03181479563552272  
1.318986896198669e-06  0.006324862187487583  9.795806394906693e-10  0.001030137644701894  1.007067538738948  0.03202496603445731  
1.368587424502518e-06  0.006353126255858455  1.03093996888695e-09  0.001040228842049436  1.007106413879601  0.03223708810042878  
1.420053181653682e-06  0.006381786440413703  1.084910597203068e-09  0.001057070615488041  1.007145779374777  0.03245146354726423  
1.473454309619834e-06  0.006410858137375678  1.141720422936345e-09  0.001070212070104544  1.00718571787716  0.03266838461897076  
1.52886358805873e-06  0.006440412702694274  1.20150223294659e-09  0.00108757174868966  1.007226291993908  0.03288829272503606  
1.58635653350859e-06  0.006470241081054575  1.264428070870963e-09  0.001100983764665652  1.007267305324913  0.03310900437729717  
1.64601150230855e-06  0.006500395991557186  1.330642098926013e-09  0.001118872137909071  1.007308799880023  0.0333306742880072  
1.707909797389427e-06  0.006531048918840202  1.400228550948979e-09  0.001128656075129141  1.00735089815976  0.03355472446168729  
1.772135779080358e-06  0.006562305449658888  1.473303403534874e-09  0.001146853592386679  1.007393677075314  0.03378165954848875  
1.838776980082327e-06  0.006593765268137536  1.550176068159241e-09  0.001159530727725337  1.007436812622412  0.03400819654338066  
1.907924224765265e-06  0.006625475504735856  1.631001711250263e-09  0.001178207223928134  1.007480332154743  0.03423424315224903  
1.979671752951333e-06  0.006657788282200011  1.716109660886888e-09  0.001193771103375168  1.007524654043318  0.03446473647409372  
2.054117348353064e-06  0.006690855456871189  1.805701607246612e-09  0.001213092703437319  1.007569919941037  0.03470079719897893  
2.131362471841437e-06  0.006724107202634572  1.89998167901367e-09  0.001227235479638053  1.007615547163746  0.03493522188515533  
2.211512399725489e-06  0.006757593829967677  1.999142998517839e-09  0.0012471123733089  1.007661564795161  0.0351675645803939  
2.294676367231936e-06  0.006791672086480181  2.103344262081517e-09  0.001257465462673753  1.007708291219408  0.03539319988537443  
2.380967717380358e-06  0.006826515623020384  2.212726530832066e-09  0.001277671056057655  1.007755854779818  0.03561015909393333  
2.470504055456826e-06  0.006861603074898725  2.327733262930754e-09  0.001290081922660371  1.0078038129279  0.0358286489087796  
2.563407409296515e-06  0.006897011235124571  2.44854796689661e-09  0.001310737260856516  1.007852203904857  0.03604915121786867  
2.659804395593759e-06  0.006932939351609324  2.575348023990886e-09  0.001317980222536324  1.007901186501008  0.03627650038227688  
2.759826392466181e-06  0.006969562419034596  2.708217988777624e-09  0.001338785117256393  1.0079508625458  0.03651300075597871  
2.863609718508116e-06  0.007006522109957215  2.848110620590136e-09  0.001356472631403755  1.008001109676196  0.03675551706827475  
2.971295818577334e-06  0.007043939167834216  2.995347603982632e-09  0.001378035150790681  1.008052033880335  0.03700620717575046  
3.083031456568277e-06  0.00708180625632309  3.150450181473358e-09  0.001397781869132907  1.008103673929701  0.0372662318350228  
3.198968915434538e-06  0.007120294948084633  3.31380897172721e-09  0.001420215746218355  1.008156194032861  0.03753914981265147  
3.31926620473319e-06  0.007159212776008317  3.485817702234944e-09  0.001438702541160238  1.008209389980013  0.03779023527389516  
3.444087275973823e-06  0.007198733213649148  3.666850957203996e-09  0.001461927617536462  1.008263413247394  0.03801066266506738  
3.573602246065788e-06  0.007238630338550632  3.857464250216798e-09  0.001480612125721073  1.008318063354484  0.03821391216801791  
3.707987629168172e-06  0.007279065252172628  4.05805471059864e-09  0.001504634145153379  1.008373474165157  0.03839263715023297  
3.847426577258506e-06  0.007320028900507698  4.267014404946831e-09  0.001484129571503981  1.008429085647729  0.03855548791594789  
3.992109129748054e-06  0.007361760050549403  4.483379007125112e-09  0.001506705415621285  1.008484820282975  0.03869529595728879  
4.142232472483898e-06  0.007403797139484919  4.709836161053631e-09  0.001505517512809977  1.008540825587874  0.03882838680340527  
4.298001206490799e-06  0.007446285781812148  4.946089066771442e-09  0.001527811497435744  1.008597073980592  0.03895156334197102  
4.459627626819096e-06  0.007489368998504975  5.193736416970633e-09  0.001533063387294185  1.008653981125701  0.03913960450873494  
4.627332011878693e-06  0.007533344568261891  5.452719661517856e-09  0.001555454047376959  1.008711716824136  0.03942499623929987  
4.801342923653455e-06  0.007577549192242331  5.724698738854795e-09  0.001568426328772368  1.008769861182842  0.03971963768824503  
4.981897519205165e-06  0.007622103398432834  6.009958891452314e-09  0.00159134335592799  1.00882846279629  0.04002839604344657  
5.169241873891604e-06  0.007667203271634012  6.313929673285996e-09  0.001664360566951111  1.008888645376167  0.04036394874829079  
5.363631316739246e-06  0.007713150069367646  6.640073616317378e-09  0.001691152201202993  1.008951131061013  0.04074108870622691  
5.565330778427652e-06  0.007759355036795597  6.983300950264968e-09  0.001710279184225688  1.009014141360968  0.04110908498610706  
5.774615152359826e-06  0.007805967529880196  7.34413080603365e-09  0.001737885144659936  1.009077763244792  0.04146264780036342  
5.991769669310625e-06  0.007853263230542236  7.724072557216379e-09  0.001759870048080264  1.009142376962129  0.04178112614641571  
6.217090286163834e-06  0.007901655820843448  8.123834697213621e-09  0.001788452100378036  1.009208349840599  0.04204327638525034  
6.450884089267699e-06  0.00795045191099499  8.544090634736873e-09  0.001803065662665905  1.009274935581218  0.04229352778316386  
6.693469712958667e-06  0.007999906937257542  8.985029321714858e-09  0.001832194947955143  1.009342264444952  0.04252434775885704  
6.945177773823704e-06  0.008050049330723895  9.447933393820218e-09  0.001840510931096983  1.009410408086324  0.04273133495763624  
7.20635132129306e-06  0.008101333573417838  9.932463641992689e-09  0.001869833823469902  1.009479626581787  0.04289873132667812  
7.477346305177596e-06  0.008152998309040085  1.043952852922682e-08  0.001862898470751579  1.009549152519792  0.04305785027147638  
7.758532060787827e-06  0.008205306055366906  1.096739050865673e-08  0.001891582612875636  1.009618896979878  0.04320298085536058  
8.050291812295972e-06  0.00825802681350412  1.151902385895746e-08  0.001878630324030783  1.009688909584904  0.04333896438538765  
8.35302319502677e-06  0.008311457670285235  1.209195828153683e-08  0.00190641149530989  1.009759072264333  0.04345922122098796  
8.667138797389225e-06  0.008365347707405071  1.269182976831344e-08  0.00190481216124839  1.009829709830247  0.04360733328323421  
8.993066723187614e-06  0.008420041008650892  1.331716056294164e-08  0.001932363556042698  1.009900866290265  0.043804173704256  
9.33125117507824e-06  0.008475094985614166  1.397250263240155e-08  0.001936510247945389  1.009972482888934  0.0440173323604996  
9.682153059967076e-06  0.008530790979560136  1.465689027340735e-08  0.001964167456345083  1.010044595830881  0.04425953811811356  
1.00462506171734e-05  0.008587077825836852  1.537868834232836e-08  0.002003902105310167  1.010117866667202  0.0445169965630536  
1.042404007021556e-05  0.008644434958845702  1.614135391511096e-08  0.002033553231660498  1.010192908852498  0.04480208416002476  
1.081603630310709e-05  0.008702113756729423  1.694364650994533e-08  0.002058002032607832  1.010268643863981  0.04509058276929074  
1.122277356208507e-05  0.008760385554896472  1.778699465150253e-08  0.002088828956534991  1.010345287411207  0.04538536969728851  
1.164480618372685e-05  0.008819299799397001  1.867199838362553e-08  0.002098463868855653  1.010422761298801  0.04565449492915882  
1.208270935044776e-05  0.008879419518777751  1.959776957424314e-08  0.00212967363546221  1.01050138765571  0.04587546901053423  
1.25370798744092e-05  0.008939825007427356  2.05700453397866e-08  0.002144629345978891  1.010580561570156  0.04609380148078016  
1.300853701090571e-05  0.009000776314737719  2.158867867769879e-08  0.002176519987752655  1.010660354071991  0.04630708847970967  
1.349772330233942e-05  0.009062363942156716  2.265498548110099e-08  0.002170639788565541  1.010740794072457  0.04652093474909061  
1.40053054539322e-05  0.009125188835663677  2.376477065024039e-08  0.002202128253665413  1.010822029417143  0.04673586846856753  
1.453197524236895e-05  0.009188339357745594  2.493015911175487e-08  0.002217924347375703  1.010903877589539  0.04695255899053432  
1.507845045861051e-05  0.009252134507945658  2.615102992725662e-08  0.002250178575069176  1.010986465896906  0.04717272735311009  
1.564547588616096e-05  0.009316497864738338  2.743282856510521e-08  0.002264678060886922  1.011069901133818  0.04740029872990161  
1.623382431612278e-05  0.009382006572540831  2.877496346521043e-08  0.002297640144348126  1.011154537980105  0.04764279258369274  
1.684429760042315e-05  0.009447914018827145  3.018389000973147e-08  0.002311221104698215  1.011239849231903  0.04788317731247519  
1.747772774464681e-05  0.009514639956506737  3.165855963276688e-08  0.002344855240949704  1.011326005832855  0.04811923263554918  
1.813497804196495e-05  0.009581871697995459  3.320616878288745e-08  0.002356374946353613  1.011412928162803  0.04835247873625345  
1.881694424970556e-05  0.009650160869120357  3.482482486178469e-08  0.002390588796634495  1.011500877138439  0.04857985189781709  
1.952455581016861e-05  0.009718908250449687  3.652298186222005e-08  0.002399736847392159  1.011589526062057  0.04880658805974983  
2.025877711735017e-05  0.009788631360659848  3.829767796479546e-08  0.002434426479830091  1.01167905533556  0.04903196777232434  
2.102060883130158e-05  0.009858790389095774  4.015962384608957e-08  0.002444091260399513  1.011769278528064  0.04925672643090403  
2.18110892419152e-05  0.009929895040317466  4.210557268687875e-08  0.002479304279890268  1.011860361337524  0.04948013785788458  
2.26312956839953e-05  0.01000151736316049  4.414716619734443e-08  0.002488972093067735  1.011952230517802  0.04970503303633125  
2.348234600554276e-05  0.01007428380492154  4.628064935402633e-08  0.002524729846344905  1.012045153723247  0.04993320749077178  
2.436540009125466e-05  0.01014742896164862  4.851986617366555e-08  0.002537645711095608  1.012138771849184  0.05016167473809329  
2.5281661443315e-05  0.01022142700360791  5.08617578678119e-08  0.002574133144765368  1.012233231409021  0.05039080136977184  
2.623237882163124e-05  0.0102959967201139  5.3318224343002e-08  0.002581783957442811  1.012328531577343  0.05062447613613379  
2.72188479457518e-05  0.01037187847875016  5.588334135477055e-08  0.002618755897257426  1.012424990405682  0.0508685892617927  
2.824241326078436e-05  0.01044808598245215  5.857587808489334e-08  0.002632724985694528  1.012522125390629  0.05111295945612829  
2.930446976972144e-05  0.01052505549355509  6.13920856147177e-08  0.002670521976214134  1.012620028925838  0.05135793100488148  
3.040646493467069e-05  0.01060264996575319  6.434985890156792e-08  0.002689318500458009  1.012718971578273  0.0516100647759133  
3.154990064958089e-05  0.01068173476157526  6.744718738466033e-08  0.002728199695943767  1.012819528732269  0.05187927805661648  
3.273633528715248e-05  0.01076114883402725  7.069957110573828e-08  0.002744616758683237  1.012920815470063  0.05214849108659959  
3.396738582272209e-05  0.01084136347942924  7.410290869775869e-08  0.002784478596944335  1.013022953463554  0.05241770350700496  
3.524473003801588e-05  0.01092216525861421  7.767751972880334e-08  0.00280288600585607  1.0131261123351  0.05269059909147988  
3.657010880777493e-05  0.01100442269127434  8.141959245107526e-08  0.00284384628705283  1.013230820016999  0.05297262617330428  
3.794532847236942e-05  0.01108707078853976  8.535047841796636e-08  0.00286294185749046  1.013336372134821  0.05325846740247757  
3.937226329963483e-05  0.01117070670379569  8.946580171163887e-08  0.002905052938185961  1.013443011982026  0.05355395292324822  
4.085285803928565e-05  0.01125488751767932  9.379072965927619e-08  0.002928224438502494  1.013550705586738  0.0538594548013677  
4.238913057338783e-05  0.01134047377734036  9.832273385263687e-08  0.002971708967288997  1.013660000800486  0.05419079166313934  
4.398317466650229e-05  0.01142653011030782  1.030905441456724e-07  0.003005298348000718  1.013770393301797  0.05452679494503977  
4.563716281924763e-05  0.01151382343200683  1.080988745879834e-07  0.003050698395476496  1.013882482391288  0.05487507782044374  
4.735334922917121e-05  0.01160163306499837  1.133709992705036e-07  0.003089785404311874  1.013995782604914  0.05522912329367744  
4.913407286296367e-05  0.01169082911090272  1.189155079218712e-07  0.003137396582710613  1.014111054038185  0.05559864264896523  
5.09817606442043e-05  0.01178056684337354  1.2475040202086e-07  0.003171607151799925  1.014227528275158  0.05598930232660801  
5.289893076098157e-05  0.01187178911548726  1.308785159843941e-07  0.003221194104439174  1.014345913149785  0.05643789891568743  
5.488819609789677e-05  0.01196347680174062  1.373265404844587e-07  0.003252122208970131  1.014465408915515  0.05689912890322359  
5.695226779712831e-05  0.01205646654812703  1.440922877846656e-07  0.003303532156180647  1.014586520106274  0.05739570256229873  
5.909395895340977e-05  0.01215019462192326  1.512645654962147e-07  0.003428709506913915  1.014709924384072  0.05792577621274766  
6.131618844795769e-05  0.01224603169445834  1.589487889118031e-07  0.003486984258679348  1.01483831267172  0.05855154106820535  
6.362198492657482e-05  0.01234232681066388  1.670609749424763e-07  0.003551486758203902  1.014968164013563  0.05918523579510691  
6.601449092734883e-05  0.01243995809618446  1.756321032509839e-07  0.003613404332693504  1.015100466429791  0.05984206292525327  
6.84969671635744e-05  0.01253847926532433  1.847259492768407e-07  0.003747932662019396  1.015235327854777  0.06053242639214403  
7.107279696773412e-05  0.01263965204636988  1.944697511063195e-07  0.003817533079147842  1.015375857168487  0.06132271904960325  
7.374549090259546e-05  0.0127412712770386  2.047635549042806e-07  0.003881437636363286  1.015517896022472  0.0621182514713312  
7.651869154570818e-05  0.0128442496652783  2.156292559070498e-07  0.003954678803902367  1.015662244217345  0.06292973567106229  
7.939617845382276e-05  0.01294846293064349  2.272407653201158e-07  0.004205188016652889  1.015810575059281  0.06383908344231085  
8.238187331399601e-05  0.01305651807712132  2.399283487146907e-07  0.004293612061897343  1.015968910561815  0.06505289892069292  
8.547984528840405e-05  0.01316520814235949  2.53412810211374e-07  0.004440660885796009  1.016129799495519  0.06628384356142961  
8.869431656014705e-05  0.01327591735179847  2.678439595935047e-07  0.004538081692588409  1.01629577217431  0.06756926170492925  
9.20296680876041e-05  0.0133880403748605  2.833912875014815e-07  0.004947226672532033  1.016467387430983  0.06894210469124254  
9.549044557518078e-05  0.01350476046299625  3.007294029530525e-07  0.005072424928179829  1.016654074524122  0.07059921265066266  
9.908136566858666e-05  0.01362246714810349  3.193029362949698e-07  0.005353456122399156  1.016845100729508  0.07228692368396143  
0.0001028073223830865  0.01374345465194176  3.395197411219531e-07  0.005498289012282205  1.017045940634962  0.07407640184293263  
0.0001066733937734857  0.01386589921897508  3.613363249456536e-07  0.005954312864345445  1.017253213638847  0.07592595804930778  
0.0001106848488549412  0.01399330050196635  3.855822264482e-07  0.006133911697591789  1.017476904901639  0.07797989098913935  
0.0001148471547840289  0.01412261874901462  4.117878402209784e-07  0.006627958262402228  1.017708148064002  0.08005477126971297  
0.0001191659843098559  0.01425861008353929  4.4088723133768e-07  0.006847567815682007  1.017958384258956  0.08220257072509712  
0.0001236472235053715  0.01439648208638238  4.723936187709633e-07  0.007390413803574828  1.018216977244937  0.08436559946919568  
0.0001282969797894147  0.01454105526992437  5.073755642700255e-07  0.007656377356376907  1.018495751359441  0.08658289307998181  
0.0001331215902504308  0.01468827665775189  5.451896640674886e-07  0.008133246113289033  1.018783702974714  0.08879539403203265  
0.0001381276302832009  0.01484515969486394  5.866727637200712e-07  0.008440040033354792  1.019092483438254  0.09099040955514978  
0.0001433219225503574  0.01500370404507936  6.314557301258814e-07  0.008863510064277916  1.019409559889666  0.09317248625986341  
0.0001487115462808954  0.01516845639870582  6.801483477380166e-07  0.009205623447069848  1.019742064600273  0.09530621312093746  
0.0001543038469183565  0.01533749026317771  7.328784772190809e-07  0.009780919551364765  1.020087070340769  0.09768925453579261  
0.0001601064461318318  0.01552291658698502  7.907737039706419e-07  0.01017421203105313  1.020461966344666  0.1010268371935968  
0.0001661272522034293  0.01570992747100681  8.533217553477917e-07  0.01063197219594677  1.020846482395197  0.1043763344868346  
0.000172374470806362  0.01590315641108726  9.210886651808186e-07  0.01106333573639818  1.02124668936508  0.1077725866274705  
0.0001788566161883462  0.01610367963514496  9.970229283437794e-07  0.01364960205130264  1.021678105393563  0.1120549449588357  
0.0001855825227755519  0.01633355138010568  1.091289401400512e-06  0.01438290775145086  1.022213897142623  0.1199025478214216  
0.0001925613572129199  0.01656593014841086  1.195482715095406e-06  0.01598490447824482  1.022774251134503  0.1277035870090197  
0.0001998026308572551  0.01680865522650386  1.314593039431675e-06  0.01691536936547619  1.023388113333694  0.135312461170558  
0.0002073162127401231  0.01706124384547075  1.453794327955532e-06  0.02377800820101336  1.024073692648874  0.1434159111417833  
0.0002151123430182167  0.01735560173057009  1.647315591418046e-06  0.02588253218026924  1.025013533248142  0.1536137477923248  
0.0002232016469295235  0.01765624095447434  1.866068149421511e-06  0.02831303836399865  1.026016699647733  0.1635737622053197  
0.0002315951492743155  0.01798418594621736  2.114128426202665e-06  0.03081243269447907  1.027112738218694  0.1724999335146472  
0.000240304289440697  0.01832643244804049  2.394351636599097e-06  0.03362749582354761  1.028290264729902  0.1812344271013015  
0.0002493409369951881  0.018732527636993  2.711473099693238e-06  0.0365788754517976  1.029607088117792  0.1891131809180996  
0.0002587174078595924  0.01915007942644326  3.069129155930011e-06  0.03965740415917712  1.031012942390793  0.1970083067790198  
0.0002684464810961965  0.01962018360480762  3.471528170029925e-06  0.04308691828565551  1.032552102681765  0.2049785325816885  
0.0002785414163241769  0.02010566987770988  3.924549814778207e-06  0.04649867853076017  1.034195315383823  0.2129981176517207  
0.0002890159717909511  0.02066368772513379  4.432113934612857e-06  0.05044090048488563  1.035998874590926  0.2212504477078333  
0.0002998844231231031  0.02124057162197012  5.002108520903163e-06  0.05405577862595819  1.037920692812692  0.2296046279411169  
0.0003111615827824363  0.02190894814790048  5.63668112272786e-06  0.05851308420510402  1.040023912959186  0.2384527399075054  
0.0003228628202536733  0.02259420926013818  6.348415118758518e-06  0.06287797887243422  1.042257096159815  0.2473222419481037  
0.0003350040829913136  0.02336372982482963  7.142479527339646e-06  0.06795645299452216  1.044684304378916  0.2562984872578624  
0.0003476019181541981  0.02415985118104957  8.032420655837503e-06  0.07324527217515429  1.047267953398927  0.2654741130202411  
0.0003606734951574031  0.02509264693518054  9.027756519489182e-06  0.07907843487942022  1.050122921243386  0.2756741520331784  
0.0003742366290721985  0.0260430331526873  1.01431787978185e-05  0.08563561473479107  1.053146683650409  0.2858424813089391  
0.0003883098049059609  0.02708652764361605  1.139579026820524e-05  0.09241694060668226  1.056433688400901  0.2958429674292303  
0.0004029122027951352  0.02816786728522773  1.279519173039279e-05  0.09839204370762467  1.059924641196835  0.306044426402874  
0.0004180637241455762  0.02945570081842064  1.434293758905153e-05  0.1059505353773334  1.0637637183781  0.3173424503483095  
0.0004337850187558993  0.03076446223220269  1.607285489631753e-05  0.1144399629544247  1.067817044044306  0.3285494741257858  
0.0004500975129608051  0.032191008775847  1.801058133218496e-05  0.1231815724867401  1.072205851812212  0.3392443358353062  
0.0004670234388327331  0.03366348738876315  2.017110854825148e-05  0.1312467149840592  1.076854271557255  0.3502114244128609  
0.0004845858644816491  0.03540280395294222  2.256150639486674e-05  0.1410188648928939  1.081961129419163  0.3627599888720069  
0.0005028087254942475  0.03717180001013445  2.52274431702767e-05  0.1520302911810549  1.087344841747783  0.3752242778197573  
0.0005217168575554344  0.0391188984473327  2.820798441336751e-05  0.1632900544987826  1.093186510035617  0.3871828415130679  
0.0005413360302965375  0.04111884288622002  3.152618340979449e-05  0.1742818445828385  1.099356576281732  0.3992950801434227  
0.0005616929824163804  0.04344661148057589  3.520221386911256e-05  0.186934086414303  1.106118239880977  0.412360623751322  
0.0005828154581230839  0.04581650309976676  3.929168716472759e-05  0.2001088998870081  1.113233532996784  0.425378722884817  
0.0006047322449462643  0.04845673957326553  4.383378309370852e-05  0.2144408521721044  1.120941353152294  0.4380923241915066  
0.0006274732129711574  0.05115253777483414  4.88767986197614e-05  0.2275489898087741  1.129047175520921  0.4508542612868658  
0.0006510693555481455  0.05421758580042951  5.443271269602472e-05  0.2434348819567934  1.137822676766809  0.4639374263584012  
0.000675552831533164  0.05733996854714415  6.059422663608838e-05  0.2588437792534974  1.147035731495203  0.4769935635735292  
0.0007009570091165618  0.06085727085692323  6.739405226132382e-05  0.2765580876149989  1.157003042116508  0.4898635338546484  
0.0007273165113001454  0.0644397075211619  7.492513450331646e-05  0.2935546684846896  1.167455565595635  0.5026979208284725  
0.0007546672630843887  0.06848759555093277  8.322217811982015e-05  0.3132335342823023  1.178764246189897  0.5152780287953432  
0.0007830465404301183  0.07260389903380966  9.23855249583197e-05  0.3278671133057703  1.190586062530214  0.527794444666107  
0.0008124930210614048  0.07722794980522091  0.0001023498278089584  0.3489778003745441  1.203198050662522  0.5398381677806146  
0.0008430468371788967  0.08192360843904925  0.0001133425452032489  0.3684475496074289  1.21636755651497  0.5517749533413426  
0.0008747496301554416  0.08717181680600605  0.0001253897022650309  0.3916313710440976  1.230515349563773  0.56288657369245  
0.0009076446072885356  0.09249789396098246  0.000138628139221833  0.4035724829224895  1.245231836418885  0.573919957763842  
0.0009417766006869519  0.09844945323494794  0.0001528103413014607  0.427511288589659  1.260706979266066  0.5843249078341091  
0.0009771921283717997  0.1044824776624417  0.0001683902574610645  0.4511082850100941  1.276802999463653  0.5946078277311212  
0.001013939457675292  0.1111975693211261  0.0001854499244719541  0.4774415041542495  1.294097961517268  0.6038690496531171  
0.001052068671023623  0.1179952132878504  0.0002040890605447223  0.4817207137986718  1.311983558503141  0.6130166805217224  
0.001091631734193615  0.1255142891154294  0.000223656677725914  0.507511683131023  1.330397191215311  0.6211716292113547  
0.001132682567136154  0.1331237492625625  0.0002450363268120061  0.532528616587751  1.349456492364233  0.6292134228810825  
0.001175277117462945  0.141558916820666  0.0002683160770297384  0.5606039708321292  1.369859181535211  0.636221487039044  
0.001219473436696738  0.1500706614007736  0.000293622435266449  0.5617943054835712  1.390848710705236  0.6431227569413991  
0.001265331759388943  0.1593149101585934  0.0003200056445514206  0.5888741825139968  1.412217472808217  0.6490024770845717  
0.001312914585212465  0.168652713155314  0.0003486672134496045  0.6101055945077098  1.434220037470765  0.6547912672688858  
0.001362286764141647  0.1789292181537412  0.0003794955205111228  0.6387323068465036  1.457501638073152  0.6596676868818838  
0.001413515584835396  0.1892867025658652  0.0004128555538447982  0.6406170169744905  1.481363817437489  0.6644612434401612  
0.001466670866343969  0.2004981453184841  0.0004476453529460288  0.6683819417281395  1.505710012014857  0.6683809779556732  
0.001521825053264387  0.2117972985757516  0.0004852405351874807  0.6831763301706998  1.530651646614389  0.6722370316530655  
0.001579053314474176  0.2240706285500292  0.0005251506604873694  0.7115989478953962  1.556643731480531  0.6753857998254102  
0.001638433645577985  0.236422697921537  0.0005681708485359361  0.7175926548911421  1.583199541811058  0.6784822355254611  
0.001700046975206718  0.2496980227503589  0.0006132495726559317  0.7456828091804274  1.610423097762691  0.6809650490447527  
0.001763977275314045  0.2630514665687631  0.0006617487624902437  0.7533408368024203  1.638197321195734  0.6834019319915319  
0.001830311675620613  0.277374432283306  0.0007126490393890174  0.7813069685996711  1.666733823299252  0.6852687781778286  
0.001899140582361935  0.2917804498394164  0.0007673329103077277  0.7920651958076451  1.695822634727807  0.6870958412447374  
0.0019705578015018  0.307280612489501  0.0008249064354622089  0.8202357670167255  1.725896313502449  0.6883987918527383  
0.002044660666579118  0.3228424140697829  0.0008866241265631822  0.8204917680817758  1.756471397624583  0.6896839677280174  
0.002121550171362452  0.3392689980878953  0.000950765348706689  0.8478887482708164  1.787415528648665  0.6907197674923562  
0.002201331107493032  0.3557801139077488  0.00101947711476672  0.8636359540267686  1.81889859312996  0.6917293265572928  
0.002284112207303826  0.3735588091405688  0.001092133750203939  0.8917338775882957  1.851702460188736  0.692345398559855  
0.00237000629200933  0.3913842505215076  0.001169813855707664  0.889033803922467  1.884975284288712  0.6929586368290853  
0.002459130425468047  0.4099619935887051  0.001250260682832285  0.9162165589481578  1.918377761164076  0.6935262708624687  
0.002551606073727186  0.4286254531203039  0.001336251501824895  0.9374351096257345  1.952315812531074  0.6940715017512693  
0.002647559270567069  0.4487763722311078  0.001427563297648259  0.965794678964324  1.987976122551521  0.6942279651815981  
0.002747120789270815  0.4689577397626887  0.001524984752632867  0.9573514127023944  2.024078853689992  0.6943898114760891  
0.002850426320853438  0.4897119540639492  0.001625285893888521  0.9844542709355347  2.059902413644711  0.6946529292410875  
0.002957616658993256  0.5105413052648556  0.001732272979217026  1.00526994204654  2.096240257814939  0.6949016680939913  
0.003068837891917645  0.5329129626694117  0.001845652852752535  1.033516756199619  2.134330475667868  0.694855256555674  
0.003184241601504656  0.5553194591816345  0.001966471672907551  1.035510078752077  2.17288304857081  0.6948185066059723  
0.003303985069871862  0.5785120567827858  0.002092141909953698  1.063449902810544  2.211729781956961  0.6949997583744458  
0.003428231493733974  0.6017617893173038  0.002226003663148975  1.080063224841606  2.25107723584348  0.6951727985079604  
0.00355715020682139  0.6264414241025451  0.00236710092977747  1.108838741320787  2.291890109749326  0.6951403280261867  
0.003690916910662775  0.6511558668193872  0.002517304809035181  1.115454530990394  2.333182818377923  0.6951088858506784  
0.003829713914046277  0.6768471856990705  0.00267413397710327  1.144348484527313  2.375106647664447  0.6951063028412419  
0.003973730381485604  0.7025789223965767  0.002841016558680164  1.158535108862693  2.417528424737506  0.695104025595172  
0.004123162591029748  0.7296002181463039  0.003016352378788968  1.188126383130601  2.461163020290287  0.695111503945493  
0.004278214201767613  0.7566545883858762  0.003202866297664367  1.200728370351939  2.505300202329435  0.6951203443662064  
0.004439096531392166  0.7849299502406996  0.003398474125410125  1.230927490439867  2.550507833347538  0.6951794675437006  
0.004606028844202398  0.8132321422605202  0.00360649250135213  1.245015060907427  2.59622604510844  0.6952409895099088  
0.004779238649935595  0.8427075435179214  0.003824823335292854  1.275951315435243  2.643007259738286  0.6954074039014257  
0.004958962013837212  0.8722115243760423  0.004056965212479361  1.294121839387759  2.690319265705585  0.6955721153582617  
0.005145443878390925  0.9032451041912167  0.004301279667561274  1.326095002449041  2.739184581759936  0.6956456846351192  
0.00533893839714735  0.9342927658612112  0.004561009135596549  1.339106087934557  2.788584161700044  0.6957229836969957  
0.005539709281106401  0.9663093304569348  0.004833147386616435  1.371795803205333  2.838764389263044  0.6960569108567329  
0.005748030158125351  0.9983447271248294  0.005122410314506345  1.393202771706623  2.889503989270551  0.6963888003618913  
0.00596418494584246  1.032187955663704  0.00542723456040667  1.427191463980258  2.942158825059683  0.6965250801191527  
0.006188468238624383  1.066036963148497  0.005751241123462706  1.444531182361941  2.995385050865456  0.6966641226341239  
0.006421185709064759  1.100798435046724  0.00609149031143637  1.479577763275113  3.049453494631286  0.6972393897008903  
0.00666265452458115  1.13556454616535  0.006453127141216786  1.504111598606386  3.104116512563827  0.697814084363625  
0.006913203779678127  1.172363073034785  0.006834569689978363  1.540708895350742  3.160988594253917  0.6981380121151535  
0.007173174944465613  1.20916159990422  0.007240025413188073  1.57849676790416  3.218481108941712  0.6984619398666818  
0.007442922330043758  1.246929649158491  0.007666197853851899  1.598798599849875  3.276928017260074  0.6991411861231043  
0.007722813571388642  1.284699387007607  0.008119169539443532  1.637941188019591  3.336022128957937  0.6998210512295957  
0.008013230128396887  1.324479409898331  0.008596911966443343  1.66474848931283  3.397319179715753  0.7003396792358094  
0.008314567805772064  1.364271068362094  0.009104735437765509  1.705683984100762  3.459305188048376  0.7008573739982203  
0.00862723729246145  1.405369979980855  0.009639888213174184  1.73208063592747  3.52274833487989  0.7016697309404216  
0.008951664721378302  1.446481790511537  0.01020876032613812  1.77482156793922  3.586913279389536  0.7024849953695836  
0.009288292250172499  1.489519257123982  0.01080904725459398  1.804709438770935  3.653247417636292  0.703253030754607  
0.009637578663841089  1.5325836435916  0.01144723663402788  1.849510900027951  3.720354662984302  0.704020405897627  
0.01  1.577314426277494  0.01212080113056728  1.880979276831729  3.789394539334222  0.7049118643781397  
