# PlotEOS table
# Tabulated(filename=GShenFSU21_ColdTable-R0p01-smoothlogrho0.08.dat;)
# slice Temp = 0, global minimum enthalpy = 0.990620736769365
# Units are geometric, with Msun=1.
# Conversion to cgs: rhoscale=6.177e17, Energypermassscale=8.989e20, Pscale=5.552e38
# [1] rho
# [2] eps, specific energy (E/rho)
# [3] P
# [4] dP/drho
# [5] h, specific enthalpy (1+eps+P/rho)
# [6] cs, adiabatic relativistic sound speed (nonrelcs/sqrt(h))
1e-14  -0.009384432200360348  5.207349087388151e-20  5.249378830486299e-06  0.990620775148727  0.002932431254465828  
1.056934553557987e-14  -0.009384447437117412  5.506750796323206e-20  5.267931383681218e-06  0.9906207626780953  0.00293460668239442  
1.117110650504822e-14  -0.009384461163776805  5.824339255337668e-20  5.287747514953806e-06  0.9906207525894469  0.002936986508969194  
1.180712846666191e-14  -0.009384473359771583  6.1613023493717e-20  5.309024956073619e-06  0.9906207449304899  0.002939579635035632  
1.247936205471311e-14  -0.009384484004600801  6.518909944128818e-20  5.331802610180816e-06  0.9906207397479561  0.002942394654054435  
1.318986896198669e-14  -0.009384493062269789  6.898532063184133e-20  5.353938500400822e-06  0.9906207371125584  0.002945442221514611  
1.394082826282576e-14  -0.00938450049658851  7.301638321768895e-20  5.379844138262787e-06  0.9906207370963178  0.002948734137773137  
1.473454309619837e-14  -0.009384506269488181  7.729805957359822e-20  5.407515548257653e-06  0.9906207397743877  0.002952280681784673  
1.557344772926135e-14  -0.009384510331014119  8.184728810834026e-20  5.43712402211425e-06  0.9906207452353532  0.002956093364021032  
1.64601150230855e-14  -0.009384512643490604  8.668236774035064e-20  5.468654481668712e-06  0.9906207535631926  0.002960185362579752  
1.739726432343799e-14  -0.009384513153181957  9.182296258391374e-20  5.502399638613905e-06  0.9906207648583994  0.002964569946997025  
1.838776980082331e-14  -0.009384511785294293  9.729029781165739e-20  5.538293980371609e-06  0.99062077924776  0.00296926152995183  
1.943466926536022e-14  -0.00938450847362992  1.031073031440082e-19  5.576682740621355e-06  0.9906207968547879  0.002974275824592797  
2.054117348353064e-14  -0.009384503144847458  1.092986508567308e-19  5.617451111052429e-06  0.9906208178097194  0.002979628144165659  
2.171067602537263e-14  -0.009384495696783337  1.158911666548196e-19  5.656684470338453e-06  0.9906208422837807  0.002985337543229469  
2.294676367231941e-14  -0.009384486051684605  1.229135667771928e-19  5.702531337187298e-06  0.990620870414636  0.002991419083795059  
2.425322741760355e-14  -0.009384474111071385  1.30397075661894e-19  5.751350705460472e-06  0.9906209023723721  0.002997890861683904  
2.563407409296515e-14  -0.00938445978185792  1.383753472471117e-19  5.803203201930912e-06  0.9906209383201662  0.003004770392133792  
2.709353865732049e-14  -0.009384442951282013  1.468850440676866e-19  5.858252485434179e-06  0.9906209784536487  0.003012078332820015  
2.86360971850811e-14  -0.00938442351229685  1.559656806827083e-19  5.916781537668085e-06  0.9906210229589759  0.003019833752059232  
3.026648059395696e-14  -0.009384401335502999  1.656603319706845e-19  5.978755888529014e-06  0.990621072057132  0.00302805863248992  
3.198968915434538e-14  -0.009384376285770282  1.760155389785295e-19  6.044649063158307e-06  0.9906211259727271  0.003036773916076808  
3.381100782480682e-14  -0.009384348200361417  1.870821690614774e-19  6.107415349141415e-06  0.9906211849730368  0.003046004409754887  
3.573602246065781e-14  -0.009384316925603847  1.989154927454652e-19  6.181121194290437e-06  0.9906212493204148  0.003055775262480355  
3.777063694539372e-14  -0.009384282327482575  2.115751397278059e-19  6.258955591731452e-06  0.9906213192497435  0.003066107783169498  
3.992109129748053e-14  -0.009384244233056989  2.251262630520984e-19  6.3415472376309e-06  0.9906213950482285  0.003077027045207859  
4.219398080805024e-14  -0.00938420247051412  2.396395463338226e-19  6.428729986876155e-06  0.9906214770018121  0.003088556892485542  
4.459627626819086e-14  -0.009384156846426874  2.551923188955837e-19  6.521049982466983e-06  0.9906215654322083  0.00310072436466556  
4.713534534786917e-14  -0.009384107177015807  2.718683833155291e-19  6.618580048311469e-06  0.9906216606471363  0.003113554094525139  
4.981897519205165e-14  -0.009384053249323404  2.897596987819842e-19  6.721585597491229e-06  0.9906217630023691  0.003127075200245363  
5.265539630332755e-14  -0.009383994859374738  3.089659284079894e-19  6.819992738875045e-06  0.9906218728379573  0.003141313463344975  
5.56533077842764e-14  -0.009383931729382766  3.295974652419326e-19  6.934345710601921e-06  0.9906219906044077  0.003156304631084892  
5.882190401699968e-14  -0.009383863668241744  3.517722385789614e-19  7.055104432884384e-06  0.9906221166250598  0.00317206997766546  
6.217090286163834e-14  -0.009383790430250489  3.756206357624489e-19  7.182293467431245e-06  0.9906222513130486  0.003188640107258039  
6.571057546036271e-14  -0.009383711760491261  4.01284763832683e-19  7.316711793871098e-06  0.9906223950915797  0.003206044529324892  
6.94517777382369e-14  -0.009383627369939073  4.289201411106324e-19  7.457991055180055e-06  0.9906225484279322  0.003224313688998087  
7.340598369757196e-14  -0.00938353696862331  4.586965139388822e-19  7.607061251447342e-06  0.9906227117932737  0.003243477396737658  
7.758532060787844e-14  -0.009383440281997071  4.907992154921964e-19  7.763602904095819e-06  0.990622885646821  0.003263564026417985  
8.20026061993413e-14  -0.009383336998661843  5.254313986478305e-19  7.928426757365345e-06  0.9906230704976727  0.003284604448415974  
8.667138797389224e-14  -0.009383226769329735  5.628160684991746e-19  8.086643315253705e-06  0.9906232669084762  0.003306631782330071  
9.160598475443691e-14  -0.009383109277193241  6.03196228207303e-19  8.268242564348864e-06  0.9906234754042533  0.003329675374542622  
9.682153059967096e-14  -0.009382984221054685  6.468362409241691e-19  8.458826980576808e-06  0.9906236964855704  0.003353759147540107  
1.023340212191642e-13  -0.009382851223274849  6.9402804005576e-19  8.658888081155152e-06  0.9906239307641013  0.003378915707017668  
1.081603630310709e-13  -0.009382709937006685  7.450889829722742e-19  8.86888879771609e-06  0.9906241788063563  0.003405170432741892  
1.143184250129148e-13  -0.00938255996329814  8.003687028311676e-19  9.088857291676217e-06  0.9906244412589698  0.003432554748324739  
1.208270935044778e-13  -0.009382400913215643  8.602483011590112e-19  9.319811235147741e-06  0.990624718750729  0.00346109522044376  
1.277063301308645e-13  -0.009382232367489123  9.251466641859842e-19  9.561251787854223e-06  0.9906250119614587  0.003490821503591719  
1.349772330233942e-13  -0.009382053882716906  9.955222415244784e-19  9.796011768452334e-06  0.9906253215999421  0.00352176269332838  
1.426621015260736e-13  -0.009381865009675579  1.071876755614121e-18  1.005999189781788e-05  0.990625648385572  0.003553945398887346  
1.507845045861054e-13  -0.009381665348518154  1.154755404955013e-18  1.033636139828614e-05  0.9906259929676207  0.003587387931932656  
1.593693530381776e-13  -0.009381454467731877  1.244756762095723e-18  1.062473392889246e-05  0.9906263560475169  0.003622110547922027  
1.684429760042315e-13  -0.009381231881870419  1.342538082006906e-18  1.092619706101353e-05  0.9906267384004996  0.003658138340285758  
1.780332016430112e-13  -0.009380997137333693  1.448815511985422e-18  1.124060623132695e-05  0.9906271407577253  0.003695487671388962  
1.881694424970552e-13  -0.009380749711201855  1.564376402050874e-18  1.156858506190777e-05  0.990627563946857  0.003734182359481076  
1.988827856988812e-13  -0.009380489139059185  1.690077367518381e-18  1.191055923155086e-05  0.9906280087174123  0.00377423508814208  
2.102060883130158e-13  -0.009380214854096552  1.826861245475156e-18  1.224662390250683e-05  0.9906284759562417  0.003815668233738881  
2.221740781062883e-13  -0.009379926250992434  1.975759965310351e-18  1.261761308503249e-05  0.9906289665954735  0.003858502743550525  
2.348234600554281e-13  -0.009379622852930201  2.13789390002532e-18  1.300349413228292e-05  0.9906294814073491  0.003902746916941814  
2.481930289186258e-13  -0.009379304122803717  2.314488988961009e-18  1.340512894989002e-05  0.9906300212357652  0.003948409480314229  
2.623237882163124e-13  -0.009378969492856193  2.506888386077756e-18  1.382207501148603e-05  0.9906305869732315  0.003995501327592708  
2.772590759860481e-13  -0.009378618414240654  2.716555994790125e-18  1.425553298796302e-05  0.9906311794832137  0.004044028061731956  
2.930446976972138e-13  -0.009378250320291329  2.945092733925778e-18  1.470509422559244e-05  0.9906317996576031  0.004093994116365702  
3.097290667331413e-13  -0.009377864581205675  3.194248274483824e-18  1.517187351772878e-05  0.9906324484588592  0.004145406772922289  
3.273633528715248e-13  -0.009377460625768014  3.465930013801408e-18  1.565565907844679e-05  0.9906331267841647  0.004198264744941119  
3.460016392185109e-13  -0.009377037678321622  3.762233377671456e-18  1.61387757858745e-05  0.9906338357770359  0.004252583353832984  
3.657010880777486e-13  -0.009376595228368997  4.085424325986635e-18  1.665858872840367e-05  0.990634576256921  0.004308350178333161  
3.865221162631269e-13  -0.009376132619625258  4.437986440329121e-18  1.719693585521742e-05  0.9906353492238543  0.004365567012640048  
4.085285803928565e-13  -0.009375649240339467  4.822623434035957e-18  1.77540749712826e-05  0.9906361556214633  0.004424225567292178  
4.317879727332022e-13  -0.009375144352149971  5.242293712718149e-18  1.833020941493426e-05  0.9906369965457994  0.004484328373500613  
4.563716281924754e-13  -0.009374617311435521  5.700212757619132e-18  1.892604117855499e-05  0.9906378729758775  0.004545864926001311  
4.823549431001457e-13  -0.009374067406599802  6.19989423912198e-18  1.954134265274229e-05  0.9906387859793306  0.004608831428231709  
5.09817606442043e-13  -0.009373493978930945  6.745157783915946e-18  2.017707412021611e-05  0.9906397365523388  0.004673213823757404  
5.388438442608223e-13  -0.009372896226289795  7.340177938350343e-18  2.081919973126034e-05  0.9906407258611044  0.004739006721256114  
5.695226779712819e-13  -0.009372273351552442  7.989495922652835e-18  2.149722890778087e-05  0.9906417550554482  0.00480620187277462  
6.019481973827287e-13  -0.009371624757533344  8.698048961693761e-18  2.219631243891332e-05  0.990642825072202  0.004874777886985095  
6.362198492657496e-13  -0.009370949646864331  9.471223411836655e-18  2.291736891132879e-05  0.9906439370678818  0.004944726457492812  
6.724427423484249e-13  -0.009370247291932062  1.031487935456898e-17  2.366031766040611e-05  0.9906450921246531  0.005016028508213873  
7.107279696773411e-13  -0.0093695168322092  1.123540166975197e-17  2.442588045411248e-05  0.9906462914687851  0.005088676412489503  
7.511929493320953e-13  -0.00936875752190768  1.223973118281365e-17  2.521427283192536e-05  0.9906475362028853  0.005162649685543977  
7.939617845382291e-13  -0.009367968452942866  1.333542964956653e-17  2.602593291857804e-05  0.9906488276069044  0.005237941754592714  
8.391656442830162e-13  -0.009367148795906223  1.453071336607857e-17  2.685435918720211e-05  0.9906501668717037  0.005314532449745609  
8.869431656014705e-13  -0.009366297408834356  1.583453404054235e-17  2.771477036537976e-05  0.9906515555209301  0.005392420391276755  
9.374408787662981e-13  -0.009365413708695145  1.725659580542851e-17  2.859960201022649e-05  0.9906529944877003  0.005471571909639875  
9.908136566858686e-13  -0.009364496776334949  1.880746984474964e-17  2.950925643471783e-05  0.9906544850672416  0.005551971988674841  
1.047225189888435e-12  -0.009363545704268811  2.049863909827017e-17  3.044422976644167e-05  0.990656028537543  0.005633602885249885  
1.106848488549412e-12  -0.009362559573574824  2.234258842853568e-17  3.14047787697275e-05  0.9906576261958956  0.005716446663213828  
1.169866413101306e-12  -0.009361537390843071  2.435287717433538e-17  3.239148098168662e-05  0.9906592794108888  0.005800489138502805  
1.236472235053712e-12  -0.009360478219184697  2.654424133009148e-17  3.340459572171279e-05  0.9906609895021095  0.00588570900224878  
1.306870229743348e-12  -0.009359380975212401  2.893267971324485e-17  3.44446491732087e-05  0.9906627579327333  0.005972095218163185  
1.381276302832009e-12  -0.009358244471453676  3.153556157202172e-17  3.551466868578642e-05  0.9906645862695844  0.006059631630457292  
1.459918652473983e-12  -0.009357067711412375  3.437174186871992e-17  3.661082004788716e-05  0.990666475889329  0.006148305312647023  
1.543038469183568e-12  -0.009355849756432803  3.746169394377897e-17  3.773494750957489e-05  0.9906684281178341  0.006238091565976269  
1.630890675549334e-12  -0.009354589416746792  4.082762708694402e-17  3.888766350890703e-05  0.9906704445280167  0.006328981736389232  
1.72374470806362e-12  -0.009353285698359373  4.449364400469219e-17  4.006909835529009e-05  0.9906725265021344  0.00642094990293833  
1.821885343465165e-12  -0.009351937439843085  4.84858861697685e-17  4.127998252243005e-05  0.9906746755884376  0.006513982411101337  
1.925613572129195e-12  -0.009350543511325143  5.283270736635618e-17  4.252036255913934e-05  0.9906768933057658  0.006608060140388873  
2.03524752118358e-12  -0.009349102718820402  5.756485433306129e-17  4.379094469411451e-05  0.9906791812386511  0.006703168052761384  
2.151123430182167e-12  -0.009347613678996357  6.271562444795157e-17  4.510432872836588e-05  0.9906815411447427  0.006799294768344351  
2.273596682327715e-12  -0.009346075158104358  6.832113459518636e-17  4.643746207106243e-05  0.9906839746458588  0.006896422534639642  
2.403042894406975e-12  -0.009344486047317855  7.442053622574227e-17  4.780162040157805e-05  0.9906864832443244  0.006994536126947362  
2.539859068780729e-12  -0.009342845139901013  8.105625612923547e-17  4.919742114640832e-05  0.990689068542683  0.007093615414428793  
2.684464810961965e-12  -0.0093411510530129  8.82741980607093e-17  5.06250763864115e-05  0.9906917322977765  0.007193653334114095  
2.837303616516212e-12  -0.009339402547530153  9.612413538758848e-17  5.208488386904412e-05  0.9906944761444886  0.007294630235303548  
2.998844231231025e-12  -0.00933759815588687  1.046598948853672e-16  5.357756159930794e-05  0.9906973019212146  0.007396541025304322  
3.169582088726109e-12  -0.009335736667982644  1.139398413543696e-16  5.510307431942941e-05  0.9907002112387649  0.007499361613033436  
3.350040829913136e-12  -0.009333816595268505  1.240270711283718e-16  5.668581610466454e-05  0.9907032059598063  0.007603083171727245  
3.54077390896527e-12  -0.009331836227467014  1.349898141673365e-16  5.827995044754866e-05  0.9907062881537101  0.00770769318537015  
3.742366290721977e-12  -0.009329794514142961  1.469020900273353e-16  5.990864863985541e-05  0.9907094592837526  0.007813175417901049  
3.95543624473471e-12  -0.009327690033831071  1.598438742670517e-16  6.157134238624731e-05  0.990712721153299  0.007919516602613461  
4.180637241455762e-12  -0.009325521347528605  1.739016955948276e-16  6.326946656960835e-05  0.9907160755874722  0.008026703890415543  
4.418659956385941e-12  -0.009323286908863589  1.891690949216999e-16  6.500243336811331e-05  0.9907195245083509  0.008134728620927942  
4.67023438832733e-12  -0.009320985251297662  2.057473027414426e-16  6.677128448696064e-05  0.9907230697758452  0.00824357618934914  
4.936132098237907e-12  -0.009318614765167585  2.237456058560318e-16  6.857585953298275e-05  0.9907267133584327  0.008353242406132264  
5.217168575554354e-12  -0.009316173986506868  2.432823020622186e-16  7.041649438605453e-05  0.9907304571120553  0.008463712581320655  
5.514205739240302e-12  -0.009313660730558403  2.644847490233274e-16  7.233074372370488e-05  0.9907343035206013  0.008574992160526559  
5.82815458123084e-12  -0.009311073886559254  2.874913483813113e-16  7.424691753687282e-05  0.9907382541373245  0.008687057666008654  
6.159977960380181e-12  -0.009308411898318996  3.124513026055475e-16  7.620083785322966e-05  0.9907423108972194  0.008799903479123889  
6.510693555481468e-12  -0.009305673217507204  3.395259393357554e-16  7.819223167443949e-05  0.9907464757488729  0.00891351610251684  
6.88137698641567e-12  -0.00930285613198753  3.688893131057705e-16  8.022251148265222e-05  0.9907507507716647  0.009027892130616404  
7.273165113001454e-12  -0.009299959017944245  4.007295638357989e-16  8.22907283468678e-05  0.9907551379800765  0.009143022214873526  
7.687259521663721e-12  -0.009296980167275671  4.352497928479622e-16  8.439881420046764e-05  0.9907596394631168  0.009258900965867674  
8.124930210614031e-12  -0.009293917856064694  4.726692916236463e-16  8.654568518526381e-05  0.9907642573256749  0.009375523615993257  
8.587519484845179e-12  -0.009290770063462458  5.132245980236654e-16  8.878219548630099e-05  0.9907689939462646  0.009492885274865057  
9.076446072885357e-12  -0.009287534888273016  5.571709985026676e-16  9.101063491137506e-05  0.9907738515832631  0.009610986843585389  
9.593209477938231e-12  -0.009284210975745067  6.047848942696607e-16  9.328024757544346e-05  0.9907788320439722  0.009729817638251873  
1.013939457675294e-11  -0.009280796389142651  6.563636106002167e-16  9.559051723509911e-05  0.9907839376150064  0.009849384178679723  
1.071667648032864e-11  -0.009277289460538914  7.122288723649662e-16  9.79429560000781e-05  0.9907891704044829  0.009969673884904301  
1.132682567136154e-11  -0.009273688306571938  7.727272205882096e-16  0.0001003379130526745  0.9907945326798728  0.01009068827397973  
1.197171343418966e-11  -0.009269991166951316  8.38233106073293e-16  0.0001027749878354416  0.9908000266388274  0.01021241943271665  
1.26533175938894e-11  -0.009266196088102242  9.091498147304603e-16  0.0001052560379127055  0.9908056546188752  0.01033487149443394  
1.337372858212492e-11  -0.009262301120901635  9.859127867641286e-16  0.0001078415700641022  0.9908114189924317  0.01045804082988875  
1.413515584835396e-11  -0.009258303690930249  1.068990313314146e-15  0.0001104119999200821  0.9908173226640093  0.01058193434027784  
1.493993463605256e-11  -0.009254202553471081  1.158890073033911e-15  0.0001130262193722257  0.9908233674025739  0.01070654712056233  
1.579053314474179e-11  -0.009249995757658521  1.256158273385599e-15  0.000115686738752658  0.9908295555951597  0.01083187942191215  
1.668956009978026e-11  -0.009245681310225731  1.361383585190009e-15  0.0001183920489082023  0.9908358896585147  0.01095793595736646  
1.763977275314045e-11  -0.009241257290331359  1.475201112288148e-15  0.0001211437542488545  0.9908423719679892  0.01108471641221995  
1.864408533970485e-11  -0.009236722480803728  1.5982923235391e-15  0.0001239358664209615  0.9908490040267947  0.01121222575664875  
1.970557801501796e-11  -0.009232080049155012  1.731382676599553e-15  0.0001267527429554122  0.99085578251825  0.01134041724414901  
2.08275063019051e-11  -0.009227338434916528  1.875235098307653e-15  0.0001295914300018298  0.9908626980327779  0.01146925025284999  
2.201331107493033e-11  -0.009222498797160422  2.030684067176116e-15  0.0001325701428192054  0.9908697492095235  0.01159924237601701  
2.326662911331458e-11  -0.009217550772256196  2.19868138808266e-15  0.0001355622505333599  0.9908769485803305  0.01173341549396698  
2.459130425468052e-11  -0.009212484979123048  2.380416823313261e-15  0.0001388973747056991  0.9908843141494901  0.01187661477113495  
2.599139918382938e-11  -0.009207297114727543  2.577872676531517e-15  0.0001432975579604916  0.9908918846437572  0.0120247923811434  
2.747120789270814e-11  -0.009201983822290089  2.793795495399417e-15  0.0001484438440435341  0.9908997152186225  0.01216253554967868  
2.903526884977814e-11  -0.009196538617817723  3.029102124796981e-15  0.0001519905815878853  0.9909077863030387  0.01228198528470368  
3.068837891917639e-11  -0.009190953420844222  3.282164415195229e-15  0.0001537822899847034  0.990915997957195  0.01239010175613805  
3.243560807235805e-11  -0.009185227634645089  3.55288692486821e-15  0.000155913750996386  0.9909243089868649  0.01250478272829277  
3.428231493733974e-11  -0.009179366509567778  3.843571119356211e-15  0.0001588976095761526  0.9909327487640472  0.01264184209604203  
3.62341632332315e-11  -0.009173372719821214  4.156283207324058e-15  0.0001616745604606604  0.9909413334810802  0.01278908062727589  
3.829713914046293e-11  -0.009167245220367454  4.492551087594319e-15  0.0001644662228530748  0.9909500625260707  0.01292590486413022  
4.047756965997331e-11  -0.00916097941439083  4.854503187546818e-15  0.0001676192907272494  0.9909589512837298  0.01305614467726289  
4.278214201767622e-11  -0.00915456949830153  5.244856267286348e-15  0.0001711742906948931  0.990968025024084  0.0131910188672542  
4.521792417370702e-11  -0.009148010994416844  5.666464398769779e-15  0.0001749759314646482  0.990977303568388  0.01332979550128993  
4.779238649935595e-11  -0.009141304924402984  6.121770905702647e-15  0.0001786025835863303  0.9909867859987357  0.01346909826633677  
5.051342468816756e-11  -0.009134458182693053  6.612593604372808e-15  0.0001820508473009873  0.9909964494650302  0.0136101347458841  
5.338938397147339e-11  -0.009127467566583542  7.14180037062988e-15  0.0001859957694898005  0.9910063006067755  0.01375375849287073  
5.642908471262542e-11  -0.009120316351270851  7.713834629730779e-15  0.0001903126402602291  0.9910163832721417  0.01389805321598762  
5.96418494584246e-11  -0.009113003350498096  8.331180306998545e-15  0.0001938505096287079  0.9910266834697908  0.01404100499085612  
6.303753153071268e-11  -0.00910555160193161  8.993391803049058e-15  0.0001962519152461983  0.9910371156565201  0.01418155995230921  
6.662654524581163e-11  -0.009097986598358436  9.70254285741278e-15  0.0001991396236752086  0.991047639185203  0.01432116085463852  
7.041989785449295e-11  -0.009090307024033442  1.046515498831052e-14  0.0002029360209102363  0.991058303742343  0.014462476406439  
7.442922330043757e-11  -0.009082493629588219  1.128625619619091e-14  0.0002064823248991312  0.9910691438011913  0.01460361280556259  
7.866681790071574e-11  -0.009074533186037294  1.216887937001448e-14  0.0002100133200818249  0.9910801556611126  0.01474200147159415  
8.314567805772047e-11  -0.009066420892573769  1.311875149966488e-14  0.0002141289103711714  0.9910913594251303  0.01488110172235386  
8.787954011821329e-11  -0.009058154021600488  1.414265708505633e-14  0.0002184096505217353  0.9911027782848958  0.0150235976096908  
9.288292250172499e-11  -0.00904973434651133  1.524529772190529e-14  0.0002223639127759085  0.9911144002146253  0.01516561752384248  
9.817117022752183e-11  -0.009041162695751358  1.643127276538915e-14  0.0002262269754785371  0.9911262110121031  0.01530553923400696  
1.037605019766914e-10  -0.009032436694920253  1.770693217893488e-14  0.0002302680913247581  0.9911382152568495  0.01544730194453281  
1.09668059833687e-10  -0.009023555150524418  1.908004468489929e-14  0.0002346028462867694  0.991150424809674  0.01559178746730446  
1.159119618598886e-10  -0.009014517538150931  2.055905573934688e-14  0.0002390695305895395  0.9911628503142214  0.0157356882656607  
1.225113576604118e-10  -0.00900530648358774  2.215150641902455e-14  0.0002434338028501471  0.9911755053761618  0.01587897029451431  
1.294864871145902e-10  -0.008995877595986421  2.386596680313201e-14  0.0002482156776694493  0.9911884348163351  0.01602482360164229  
1.368587424502521e-10  -0.008986202765084682  2.571556939663639e-14  0.000253552860711324  0.9912016958589728  0.01617393233758471  
1.446507338521647e-10  -0.008976304724261199  2.771259548180519e-14  0.0002588390804463567  0.9912152780955683  0.01632425577683909  
1.52886358805873e-10  -0.008966210046961284  2.986226529093694e-14  0.0002631624706749998  0.9912291132344889  0.01647419544472108  
1.615908753895922e-10  -0.00895591370389319  3.21716007862318e-14  0.0002676493216836309  0.9912431792257581  0.01662438234828232  
1.70790979738943e-10  -0.008945352287042687  3.466074519687794e-14  0.0002736227757107435  0.9912575901941695  0.01677796402183689  
1.80514887922111e-10  -0.008934410128130498  3.735281279510777e-14  0.0002799418650564194  0.991272513595586  0.01693605757747068  
1.907924224765265e-10  -0.008923061832043857  4.025851030388133e-14  0.0002852764668659713  0.9912879450296612  0.01709477019437333  
2.016551038724744e-10  -0.008911406293074593  4.33863460993094e-14  0.000290555438430926  0.9913037449491511  0.01725297858952215  
2.131362471841442e-10  -0.008899522607650813  4.675574015953935e-14  0.0002963713012608453  0.9913198475875987  0.0174150759157469  
2.252710642645974e-10  -0.008887421514636059  5.0387153413977e-14  0.0003021084285026419  0.9913362519233107  0.01758070977396392  
2.380967717380358e-10  -0.008875090832359244  5.429659692221241e-14  0.0003075528146932157  0.9913529534058128  0.01774482056812373  
2.516527051405389e-10  -0.008862532073122138  5.850238012166779e-14  0.0003130016381814709  0.9913699406121566  0.01790811625807709  
2.659804395593764e-10  -0.008849754104030117  6.302771691491357e-14  0.0003187172808855623  0.9913872096254055  0.01807439690367948  
2.811239171408467e-10  -0.008836747553685288  6.790053858360494e-14  0.000324808747371927  0.9914047848611807  0.01824225964213289  
2.971295818577334e-10  -0.008823499829845573  7.3148415072202e-14  0.0003307421243446641  0.9914226837194828  0.01840902382490443  
3.140465219496749e-10  -0.008810017263355747  7.879183265786518e-14  0.000336194853264315  0.9914408749680522  0.01857679009810979  
3.319266204733183e-10  -0.008796306470977412  8.485713403597072e-14  0.0003422488981575402  0.9914593438107474  0.01874800565227943  
3.508247144239781e-10  -0.008782356272449929  9.139051094900145e-14  0.000349166167199033  0.9914781456454353  0.01892110289999028  
3.707987629168173e-10  -0.008768158772609858  9.843133227485479e-14  0.0003556473245541169  0.991497298780432  0.01909362660020262  
3.919100249433402e-10  -0.008753713163884708  1.059958307875169e-13  0.0003610682376404004  0.9915167464417425  0.0192648618532568  
4.142232472483906e-10  -0.008739019880545018  1.141194646266924e-13  0.0003673268192270243  0.9915364824370694  0.01943708158242604  
4.378068629038175e-10  -0.008724079626487439  1.22869262662318e-13  0.0003746431718105911  0.991556567556262  0.01961360641036589  
4.627332011878694e-10  -0.008708892739813845  1.322928158815787e-13  0.0003811258424835383  0.9915770016277007  0.01979210371853032  
4.890787094139589e-10  -0.008693463402216165  1.42412849732979e-13  0.0003868456122811731  0.9915977225500483  0.01996756365658502  
5.169241873891593e-10  -0.008677807939905611  1.532737041719034e-13  0.0003930325307841275  0.9916187030532171  0.02014217989330722  
5.463550352214865e-10  -0.00866194083111599  1.649421120490889e-13  0.0003998634700496476  0.991639954642369  0.02032047921281237  
5.774615152359825e-10  -0.008645852451925637  1.774808394459798e-13  0.0004064453245945355  0.9916614941586506  0.02049939016870025  
6.103390288028621e-10  -0.008629522742663254  1.909493526539639e-13  0.0004129717516559737  0.9916833351013263  0.02067549713722593  
6.450884089267712e-10  -0.008612922030571771  2.054116734965797e-13  0.0004193848364365883  0.9917055020344929  0.02085250378467887  
6.818162294944493e-10  -0.008595955313332711  2.209189156319747e-13  0.0004247352172370145  0.991728060024049  0.02103171891194608  
7.20635132129306e-10  -0.008578418085063908  2.374825920820999e-13  0.0004281328927407225  0.9917511281464394  0.02120615018577295  
7.616641716552892e-10  -0.008560210468007555  2.551218518428893e-13  0.0004313936838550939  0.9917747427322834  0.0213726452442654  
8.050291812295973e-10  -0.00854150847926655  2.739435873481876e-13  0.0004366230247127182  0.9917987817781994  0.02153750544827162  
8.508631582640564e-10  -0.008522500548910085  2.941229448748979e-13  0.0004440128597737336  0.9918231754179222  0.02170513483991267  
8.993066723187633e-10  -0.008503237155000277  3.158475742183563e-13  0.0004527265377979689  0.9918479751554833  0.02187461961693279  
9.505082962189511e-10  -0.008483711475312589  3.392682486005254e-13  0.0004619364360488245  0.9918732220201131  0.02204588539485585  
1.00462506171734e-09  -0.008463899665969339  3.645470605121776e-13  0.0004722412807004385  0.991898969104086  0.02222202900325217  
1.061822941099382e-09  -0.008443782284130188  3.918787352215364e-13  0.0004832428924096272  0.9919252799390083  0.02240660210784905  
1.12227735620851e-09  -0.008423351828949075  4.214008586288193e-13  0.000493049607709974  0.9919521354392361  0.0225986192862714  
1.186173716452479e-09  -0.00840259323321264  4.531736917810049e-13  0.0005011062084640155  0.991979453414336  0.02279119450658468  
1.25370798744092e-09  -0.008381483415562422  4.872972669608398e-13  0.00050950388641856  0.9920072014072531  0.02298110983164135  
1.325087291997951e-09  -0.008359972008288474  5.240246302221062e-13  0.0005200285966797545  0.9920354922251901  0.02317500632494022  
1.400530545393217e-09  -0.008337958221619502  5.636785377786738e-13  0.0005311469043807321  0.992064516783037  0.02337731100617053  
1.48026912673951e-09  -0.008315415347377687  6.064742918108747e-13  0.0005418284808029872  0.9920942900777072  0.02358255942910775  
1.564547588616096e-09  -0.008292415992289706  6.525434223378002e-13  0.0005513419784092583  0.9921246652311169  0.02378792711051745  
1.653624407094179e-09  -0.008269014573127023  7.020742496768015e-13  0.000560790917084325  0.992155552363999  0.02399708347412703  
1.747772774464684e-09  -0.008245222414043437  7.553469081571634e-13  0.0005708883815827346  0.9921869544222095  0.02420931123051832  
1.847281437099636e-09  -0.008221037913292137  8.126724737992723e-13  0.0005810150595122019  0.9922188909776056  0.02442009465977797  
1.952455581016861e-09  -0.008196457913242236  8.742860102148054e-13  0.0005901508476017205  0.9922513299999453  0.02463051709608946  
2.063617767863857e-09  -0.008171478147172239  9.404273354041735e-13  0.0005997179630042762  0.9922842396461368  0.02484458044800045  
2.181108924191516e-09  -0.008146090048059563  1.011551936714447e-12  0.0006110275723993446  0.9923176886864616  0.02506187801979037  
2.305289387051711e-09  -0.008120288170468073  1.088144688938526e-12  0.0006222564944834009  0.9923517326938323  0.0252794755516451  
2.436540009125466e-09  -0.008094071959917683  1.170418357970579e-12  0.0006314467370493074  0.9923862888605848  0.02549552207076997  
2.575263326771199e-09  -0.008067437522701296  1.258658449978361e-12  0.0006411684919255209  0.992421311894453  0.02571141326980944  
2.721884794575185e-09  -0.008040377903195957  1.353530611710387e-12  0.0006529877096447123  0.9924568990625331  0.02593144265203252  
2.876854090190597e-09  -0.008012855366316676  1.455639798135196e-12  0.0006647131219336593  0.9924931278196567  0.02615499083678017  
3.040646493467069e-09  -0.007984399310424668  1.565829292464674e-12  0.0006843515559225858  0.9925305666008803  0.02638077163167006  
3.213764344100276e-09  -0.00795312361992827  1.687312313058779e-12  0.0007263980567213067  0.9925719031500514  0.02663192911521675  
3.396738582272203e-09  -0.007917996687364814  1.82315540930683e-12  0.0007552221768473344  0.9926187403517532  0.02692824983482871  
3.590130377007076e-09  -0.007883395854618754  1.968134189389014e-12  0.0007436856440209914  0.9926648110300097  0.02721694764252854  
3.794532847236942e-09  -0.007852298871710881  2.117423326883409e-12  0.0007254853096058989  0.9927057206295369  0.02745658838307442  
4.010572880855496e-09  -0.007822639425152053  2.274047725704191e-12  0.0007275603853251429  0.9927443737655468  0.02767290913369383  
4.238913057338791e-09  -0.007792663776576162  2.441113493522552e-12  0.0007360944463341443  0.9927832181678049  0.02788833105521278  
4.480253679829499e-09  -0.007761991872870365  2.619963261992648e-12  0.0007460119104243781  0.9928227882421012  0.02810204850413876  
4.735334922917121e-09  -0.007730746856970012  2.81157898556482e-12  0.0007558343016465281  0.9928629976260143  0.02831108110179578  
5.004939102700954e-09  -0.007699079334104391  3.016652220734923e-12  0.0007648469580708451  0.9929036557159798  0.02851987914087447  
5.289893076098146e-09  -0.00766703245937712  3.236180092464626e-12  0.0007761786167093623  0.9929447341767175  0.02873228059855105  
5.591070776755281e-09  -0.007634580372513448  3.472049687105769e-12  0.0007901910926793301  0.9929864186857601  0.02894755152726752  
5.909395895340953e-09  -0.007601680000474273  3.725869191967723e-12  0.0008038807652942133  0.9930288191669457  0.02916409085197963  
6.245844712439618e-09  -0.007568319934131806  3.998196482378164e-12  0.0008149774932678338  0.9930718170955986  0.02938065887743079  
6.601449092734883e-09  -0.007534510944799985  4.29018034725707e-12  0.0008276887180514149  0.9931153736921926  0.02959976355530277  
6.977299649665552e-09  -0.007500186322027997  4.604102485567275e-12  0.0008427631705035829  0.9931596824978224  0.02982553716381194  
7.374549090259561e-09  -0.007465109958916356  4.941835002007406e-12  0.000857262893057667  0.9932050103347481  0.03005460199129277  
7.794415750404951e-09  -0.007429079498534856  5.304755894252295e-12  0.0008713333555474198  0.9932515046612178  0.03028205398815679  
8.238187331399602e-09  -0.007392218752034739  5.694756042020656e-12  0.0008862935704047442  0.9932990444850023  0.0305129453511656  
8.707224849239903e-09  -0.007354742452656626  6.114068768700283e-12  0.0009015340961288329  0.9933474409495825  0.03075227554961718  
9.202966808760391e-09  -0.007316719490808744  6.564586616074517e-12  0.000916013347423324  0.9933965925043867  0.03099324437171556  
9.726933615426179e-09  -0.007278116118257651  7.04830940929399e-12  0.0009306661492548767  0.9934465016994394  0.03123186027126013  
1.028073223830865e-08  -0.007238654623474265  7.568720640996801e-12  0.0009495885971131707  0.9934975498088126  0.03147701579844486  
1.086606113854596e-08  -0.00719766352977993  8.131864811867474e-12  0.0009745601917293379  0.9935507092897895  0.03173643486802434  
1.148471547840287e-08  -0.007155346091957803  8.740820608044474e-12  0.0009913857613157969  0.9936057368120533  0.03200161685491033  
1.213859262690626e-08  -0.007113042902928975  9.392074262041481e-12  0.0009997586966808908  0.9936606937690822  0.03225978058675689  
1.282969797894147e-08  -0.00707036568101031  1.008867465733716e-11  0.001017991652273211  0.9937159875654883  0.03251841416500521  
1.356015110565632e-08  -0.007026223224870588  1.084011256129212e-11  0.001038836939335117  0.9937731861974013  0.03278707925696292  
1.433219225503571e-08  -0.006981731431706751  1.164665375049756e-11  0.001050101493709055  0.9938308904996245  0.03305494359013212  
1.514818922258344e-08  -0.006937629630588068  1.250526070874501e-11  0.001056418930879442  0.9938878987890135  0.03331207054057973  
1.601064461318318e-08  -0.006893040440592873  1.342053797265001e-11  0.001067654580427844  0.9939451855207528  0.03356311625580799  
1.692220351641035e-08  -0.006847614460703308  1.440131884070057e-11  0.001084736644791468  0.994003416483744  0.0338176542575972  
1.788566161883458e-08  -0.006801511610759698  1.545515151943173e-11  0.001102184778135939  0.9940625968493465  0.03407843765675994  
1.890397377819219e-08  -0.006754810725540844  1.658519780991643e-11  0.001116296711801325  0.9941225285050631  0.03433689037122432  
1.998026308572551e-08  -0.006707457052847136  1.779483204769294e-11  0.001131473469723324  0.9941831634545678  0.03459002088050839  
2.111783044448242e-08  -0.00665913765275677  1.909317583283297e-11  0.001151899048430424  0.9942449881703493  0.03484869032886743  
2.23201646929523e-08  -0.006609620579201538  2.049040192000656e-11  0.001171752196659913  0.9943084014068314  0.03511646698095086  
2.359095330508634e-08  -0.006559554386036049  2.198832086178776e-11  0.001185935305800386  0.9943725114180638  0.03538065811008728  
2.49340936995188e-08  -0.006509019536164267  2.359117986581673e-11  0.001202131667624755  0.994437121925808  0.03564061522219657  
2.635370519267393e-08  -0.006457084568986421  2.531165120406923e-11  0.001221202200672789  0.99450337435013  0.03590818821880726  
2.785414163241763e-08  -0.006403989874072963  2.715529385377021e-11  0.00123539876101372  0.9945709205795368  0.03617834010496367  
2.944000475100034e-08  -0.006350512082214462  2.912638483140614e-11  0.001250844875120403  0.994638835068975  0.03644081340874949  
3.111615827824363e-08  -0.00629627198144274  3.124097363517687e-11  0.001273345297706589  0.9947077392899943  0.03670367192089876  
3.28877428582551e-08  -0.006240798549208447  3.351866150121739e-11  0.00129789293371866  0.9947783854563854  0.0369782011763421  
3.476019181541974e-08  -0.006184626947628448  3.596985809261031e-11  0.001320047818158076  0.9948501733861446  0.03725993604327299  
3.673924781802074e-08  -0.006127875541849663  3.860445075628586e-11  0.001342264847762816  0.9949228931333149  0.037541751006569  
3.883098049059609e-08  -0.006070271500732561  4.143020061016945e-11  0.001358885424099623  0.9949966652617889  0.03782113894631928  
4.104180502904709e-08  -0.006012214622025503  4.444950004638109e-11  0.001374223144246407  0.9950708152304608  0.03809788064907083  
4.337850187558985e-08  -0.005953172259201401  4.769010717560365e-11  0.001400506722228796  0.9951462227201914  0.03838152619142275  
4.584823751389096e-08  -0.005892376927678944  5.118119798068991e-11  0.001424582384554377  0.995223940748986  0.03867355229685496  
4.8458586448165e-08  -0.005830429390011661  5.492258186588863e-11  0.001440572202806863  0.9953029627679424  0.038961004476824  
5.121755443364241e-08  -0.005767743598762136  5.892533388448352e-11  0.001461495416530081  0.9953827473712983  0.03924496326047368  
5.413360302965376e-08  -0.005703961086100147  6.322384851116992e-11  0.001486475351355302  0.9954639613312667  0.03953741360822474  
5.721567555063251e-08  -0.005639251026815711  6.783889695051241e-11  0.001508183011313097  0.9955464187445825  0.03983335086688095  
6.047322449462655e-08  -0.005573932621247292  7.278195887319712e-11  0.001527486753439469  0.9956296076146411  0.04012301585856269  
6.391624053344005e-08  -0.005507875904290252  7.807457722709051e-11  0.001547389824926935  0.9957136380110384  0.04041241783157447  
6.75552831533164e-08  -0.005441015819313669  8.374337098216848e-11  0.001568327312276796  0.9957986114470263  0.04070735380756831  
7.140151304013404e-08  -0.005373306606026055  8.981686353003182e-11  0.001588886754714331  0.9958846060026262  0.04100024509414322  
7.546672630843902e-08  -0.005304484492696546  9.630998322450455e-11  0.00160286755668919  0.9959717068559367  0.04128472273141304  
7.976339067929281e-08  -0.005234347008476156  1.032244036246807e-10  0.00161379189470613  0.9960597855847547  0.04156505061351021  
8.430468371788967e-08  -0.005163133924756672  1.10599333656254e-10  0.00163506224643725  0.9961487663016454  0.04184793224049592  
8.910453324821523e-08  -0.00509111455214664  1.185156909420074e-10  0.001663503050823483  0.9962389602108496  0.04213575327334949  
9.417766006869539e-08  -0.005018318752630688  1.270209028833869e-10  0.001688281977665212  0.9963304183341767  0.04242444924400248  
9.953962309984243e-08  -0.004944741631183966  1.361216070555979e-10  0.001706971950925951  0.996422770147709  0.04270926904029751  
1.052068671023623e-07  -0.004870253457890888  1.458592401829036e-10  0.001730898957832638  0.9965161507208495  0.04299764773316195  
1.1119677311207e-07  -0.004794615727206865  1.563197426947293e-10  0.00176241219020646  0.9966111781489984  0.0433026147816494  
1.175277117462948e-07  -0.004718064081704907  1.675835526723385e-10  0.00179552722761121  0.9967078426272941  0.04362526531911232  
1.242190995452619e-07  -0.004640931011584908  1.796973504936551e-10  0.001823524018929825  0.9968056850977854  0.04395781737619844  
1.312914585212465e-07  -0.004562985163176033  1.926861029644433e-10  0.001848288563704349  0.996904635846863  0.04429449417515038  
1.38766479098131e-07  -0.004483719154157054  2.066095619916528e-10  0.00187713869691529  0.9970051819358933  0.04463125993767637  
1.466670866343972e-07  -0.004402931419956732  2.215573785925575e-10  0.00190679481449881  0.9971076827449298  0.04496033687096229  
1.550175117335772e-07  -0.004320825840125841  2.375895392248887e-10  0.001932923506099782  0.9972118367382364  0.04528034909795898  
1.638433645577985e-07  -0.004237598602813569  2.547522096406246e-10  0.001956745688000194  0.9973172535593609  0.0455999775113923  
1.731717133723356e-07  -0.004153206992917838  2.731294064263512e-10  0.001983830154273832  0.9974240102159868  0.04592005877969815  
1.830311675620617e-07  -0.004067440798159672  2.928321819626064e-10  0.002011577559530863  0.997532462572742  0.04623253773531088  
1.934519653744048e-07  -0.00398013480474505  3.139089614986e-10  0.002028770254866438  0.9976425365436233  0.04653757523463067  
2.044660666579118e-07  -0.003890711844294486  3.362880868435831e-10  0.002022886990290042  0.997754001590753  0.04683615770491172  
2.161072508808377e-07  -0.003798005366787057  3.597021440272117e-10  0.001996664181584948  0.9978664558790115  0.0471051984724301  
2.284112207303821e-07  -0.003701244703640882  3.835349648886468e-10  0.001895870923366176  0.9979778976942774  0.04729768655730709  
2.414157116103013e-07  -0.00360117800796846  4.073749795413422e-10  0.001799802031069868  0.9980862638607652  0.04739794124658329  
2.551606073727181e-07  -0.003500045502174404  4.320491757681208e-10  0.001808540438869189  0.9981931985303459  0.04747240254663163  
2.696880626390692e-07  -0.003399754871164586  4.58834003572754e-10  0.001878516513546792  0.9983015959379249  0.04759440943363603  
2.850426320853432e-07  -0.003300632414195567  4.881118302523322e-10  0.001930471687470503  0.9984117845203568  0.04776409484566625  
3.012714070881158e-07  -0.003202242255279931  5.196703534745424e-10  0.001955947206181394  0.9985226819866099  0.04794528686516621  
3.18424160150465e-07  -0.003104084185855454  5.533684550017719e-10  0.001971889553348261  0.9986337502006443  0.04812239398891906  
3.365534975507094e-07  -0.003006040134197991  5.893009324123177e-10  0.001993299916210827  0.9987449472621625  0.04830463970932428  
3.557150206821382e-07  -0.002908322353530917  6.27758887017261e-10  0.002021069665050652  0.9988564580198518  0.0484983894164487  
3.75967496578546e-07  -0.00281112721871821  6.68990706084958e-10  0.002048557303501824  0.9989682572019379  0.04869905791558873  
3.973730381485604e-07  -0.002714506719302468  7.13016823304042e-10  0.002063942065778543  0.9990798194046493  0.04890447612137705  
4.199972946715306e-07  -0.002618312296671261  7.598234940329086e-10  0.002075001993179953  0.9991908029135282  0.04911277242415275  
4.439096531392167e-07  -0.002522380295015719  8.096698470997347e-10  0.002095911716900607  0.9993015715865754  0.04931707332960877  
4.691834510607789e-07  -0.002426547479270753  8.629959776467682e-10  0.002123430055155944  0.9994128097608357  0.0495173459386718  
4.958962013837211e-07  -0.002330113339774884  9.200074186538979e-10  0.002141757849288837  0.9995251285759461  0.04972207302785225  
5.241298302206061e-07  -0.002232057703604118  9.806717721322589e-10  0.002149888793856551  0.9996389897269905  0.04993095933327721  
5.539709281106401e-07  -0.002132096660255135  1.044813164747921e-09  0.002145756367533941  0.999753946653085  0.0501282127529865  
5.855110155867232e-07  -0.002030979010525381  1.111235566231735e-09  0.002072154702309383  0.9998669111002494  0.05027957701234315  
6.188468238624383e-07  -0.001930000310169718  1.177832326360001e-09  0.001939356042415862  0.999973269256617  0.05034613492376129  
6.540805914998259e-07  -0.00183031511335896  1.243682937923014e-09  0.001812672124953534  1.000071106445521  0.05032550438577189  
6.913203779678128e-07  -0.001732518931695132  1.308953714929087e-09  0.001690119666985202  1.000160892222735  0.05023844279234405  
7.306803950529492e-07  -0.001637018227888938  1.372388807923612e-09  0.001511773566690583  1.000241215836163  0.05006266520589987  
7.722813571388642e-07  -0.001544552439703172  1.430750406759813e-09  0.001253376776423437  1.000308076001388  0.04974185013271267  
8.162508514287236e-07  -0.00145614819983302  1.480204889908151e-09  0.0009389823283302777  1.000357270906949  0.04923894781544658  
8.62723729246145e-07  -0.001372754887453952  1.518454589624283e-09  0.0007183774420869348  1.000387315617331  0.04854899459445437  
9.118425196146562e-07  -0.001293973497889473  1.547860902724135e-09  0.0005437328023348589  1.000403535523052  0.04771887914803883  
9.637578663841089e-07  -0.001216986447315742  1.574877203805611e-09  0.0005157250497491965  1.000417114044869  0.0468468163126958  
1.018628990244689e-06  -0.00114011924449197  1.601976211292191e-09  0.0004552239867097758  1.0004325595489  0.04597717289956751  
1.076624177045493e-06  -0.001067197211680031  1.623686796201593e-09  0.0003007517105695519  1.000440930536907  0.04503652809753202  
1.137921293915314e-06  -0.001001258594772718  1.640018740288765e-09  0.0002525102382636747  1.000439982332046  0.04403186985801211  
1.202708334768514e-06  -0.0009409712579938345  1.656407129420865e-09  0.0002426249554809739  1.00043625968116  0.04306321259547641  
1.27118399686903e-06  -0.0008854127348176825  1.670946125232886e-09  0.0001542655905061605  1.000429067410738  0.04210766239266701  
1.343558290220826e-06  -0.0008327553724778395  1.678857124913649e-09  5.902367025967066e-05  1.000416804945919  0.04109858829960012  
1.420053181653682e-06  -0.0007770119642562072  1.685675415312971e-09  0.0001385713615580785  1.000410038941365  0.04011756556311644  
1.500903275579734e-06  -0.0007132594090634482  1.70771091373894e-09  0.0003627873873176619  1.000424529375546  0.03934883350238953  
1.586356533508593e-06  -0.0006468821898321763  1.744408985336124e-09  0.0004618836473248852  1.000452750174324  0.03877206657393356  
1.676675034527701e-06  -0.0005843720640830278  1.788047822068898e-09  0.0005042503141527788  1.0004820527262  0.03828282964173593  
1.772135779080358e-06  -0.0005255584093571649  1.83873539761889e-09  0.0005558614056721336  1.000512023145806  0.03786368436220362  
1.873031538506442e-06  -0.000468453297464059  1.895574012609018e-09  0.0005590682346918157  1.000543581990591  0.0374909989454404  
1.979671752951336e-06  -0.0004141958032261544  1.952257251688569e-09  0.0004814517021051837  1.000571956193325  0.03708680960301565  
2.092383480396979e-06  -0.000367085860340512  2.001390414755066e-09  0.0003825268476014943  1.00058942638204  0.03657612285216339  
2.211512399725489e-06  -0.0003285628287678768  2.048467984260768e-09  0.0004256657434893229  1.000597711871078  0.03602309697400677  
2.337423870891812e-06  -0.0002913936660179762  2.119981099631167e-09  0.000679005693068127  1.000615579658774  0.03567167185295187  
2.470504055456831e-06  -0.0002501483839554488  2.227848358099138e-09  0.0008881507098331587  1.000651630487113  0.03559658918540682  
2.611161100917462e-06  -0.000206195571638904  2.360008764938518e-09  0.0009788788173708683  1.000697620268797  0.03566691458545965  
2.759826392466181e-06  -0.000159537958425888  2.514102346525321e-09  0.001105666119764372  1.000751425989665  0.0358410819671446  
2.916955876018805e-06  -0.0001076094089014333  2.701090864006188e-09  0.00128514660563869  1.000818387067841  0.0361678156947576  
3.083031456568283e-06  -4.878082772147177e-05  2.928853496540841e-09  0.001474666518054921  1.00090121061343  0.03666197741530155  
3.25856247615323e-06  1.671925597901674e-05  3.199038803637063e-09  0.001577757395771323  1.000998452405811  0.03729244173405526  
3.444087275973823e-06  8.132703997210458e-05  3.484205760946835e-09  0.001477912800799459  1.001092975549942  0.03787489319104154  
3.640174847446138e-06  0.0001349297581367645  3.739693163403911e-09  0.00119792943994433  1.001162268641605  0.03819298089011441  
3.847426577258514e-06  0.0001786139366173431  3.966987059111648e-09  0.001048934895504157  1.001209689378722  0.03829765894587505  
4.066478091781862e-06  0.0002184657434739143  4.19365513617148e-09  0.001037803931241577  1.001249740237402  0.03834270730495392  
4.298001206490799e-06  0.000258462376015414  4.439740006746532e-09  0.001092890663655827  1.001291440216981  0.03842178098547876  
4.542705986374062e-06  0.0003006369171592916  4.716211893453255e-09  0.001169028834517514  1.001338831312218  0.03856774278221431  
4.801342923653445e-06  0.0003452985285947185  5.026014827334242e-09  0.001220102066899335  1.001392092083492  0.03876588512218709  
5.074705239490456e-06  0.0003895118072860565  5.358587495387778e-09  0.001193368791489094  1.001445452446693  0.03895625786964832  
5.363631316739246e-06  0.0004292423032386161  5.697243209435994e-09  0.001144005526574156  1.001491441189216  0.03908294235925652  
5.669007271207434e-06  0.0004662843131248429  6.049203901168344e-09  0.001169261300541246  1.001533350134665  0.03920458728686688  
5.991769669310613e-06  0.0005070653113222975  6.445098851129862e-09  0.001273066446530126  1.001582723957572  0.03944752305371675  
6.332908400455101e-06  0.0005515169191945073  6.892231261718755e-09  0.001329625231923397  1.001639836980988  0.03980784636909945  
6.69346971295864e-06  0.0005949549501705188  7.374538470047071e-09  0.001350837180447143  1.001696706177306  0.04018088854433229  
7.074559422819878e-06  0.0006392414100660812  7.90111181692915e-09  0.001417822859946791  1.001756075879142  0.04052814552199477  
7.477346305177581e-06  0.0006868430943500474  8.485252039764147e-09  0.001479756029894281  1.001821637671657  0.0408600408804153  
7.903065678861332e-06  0.0007364080306000217  9.1232352762736e-09  0.001513945019478157  1.001890799964945  0.04120896470343231  
8.353023195026787e-06  0.000785978346023645  9.809780505582339e-09  0.001532692868797076  1.001960377156675  0.04159579134635601  
8.828598841495151e-06  0.0008339146995581471  1.054326797832982e-08  0.001551953079016629  1.002028132283528  0.04200768191988694  
9.33125117507824e-06  0.0008807172870327444  1.133017147992299e-08  0.001585081611514421  1.002094935109203  0.04243285051936539  
9.862521794868764e-06  0.0009314309685931686  1.21971942808468e-08  0.001685411158052733  1.002168152624021  0.04289049950729952  
1.042404007021554e-05  0.0009949085987225104  1.319646468865278e-08  0.001872062682171138  1.002260873099987  0.04343739115182363  
1.101752813788387e-05  0.00107452290760906  1.436250424015755e-08  0.002043420227314523  1.002378127859683  0.04409560191260398  
1.164480618372685e-05  0.001163651365368965  1.567587080648049e-08  0.00213335995897619  1.002509819825295  0.04480671232143473  
1.230779802506663e-05  0.001255481366334975  1.710831523809747e-08  0.002180059684133573  1.002645520039642  0.04551494898928991  
1.300853701090573e-05  0.001346516844281954  1.86500179306007e-08  0.002210157210500554  1.002780192123444  0.04620926593200913  
1.37491722580642e-05  0.001434959002676191  2.03009487853213e-08  0.002248217188399124  1.002911480527338  0.04689245961735922  
1.453197524236895e-05  0.001521501069104669  2.207252311752815e-08  0.002288981963540699  1.003040394595236  0.04756358276188604  
1.535934676510895e-05  0.001612084983050273  2.400429232196857e-08  0.002390259348475561  1.003174930896296  0.04823915809784848  
1.623382431612275e-05  0.001720869073112075  2.618529722896478e-08  0.002609833438929909  1.003333877611276  0.04896260085510244  
1.715808985610007e-05  0.001877090048515933  2.87956561471327e-08  0.003087044888211782  1.003555345401451  0.04978794414042802  
1.813497804196495e-05  0.002133090346820633  3.217857713255224e-08  0.003869964623141344  1.00390748329387  0.05078130507889167  
1.916748492056813e-05  0.002485628154377961  3.641536572185749e-08  0.004164011113500884  1.004385479171492  0.05186994216369941  
2.025877711735021e-05  0.002800531707423799  4.068086709193692e-08  0.003358311551431171  1.00480859304579  0.05273314514588019  
2.141220154815732e-05  0.002966531829946216  4.409709116241922e-08  0.002413523247879309  1.005025969345666  0.05317991677113895  
2.26312956839953e-05  0.003012557538872741  4.680414935687893e-08  0.002046689728452607  1.005080673744432  0.05335991981345917  
2.391979840020237e-05  0.002997207227573246  4.924874210748165e-08  0.001828390235232073  1.005056118481067  0.05344954541595402  
2.528166144331495e-05  0.002960591152591425  5.174096656339654e-08  0.001873787778137854  1.005007172097416  0.05353593180596615  
2.672106155079438e-05  0.002951277063221671  5.465674255708232e-08  0.002203655047153235  1.004996732572285  0.05370156840063014  
2.824241326078436e-05  0.003011624012802169  5.835960817753863e-08  0.002661999027827516  1.005078005792527  0.05401476031286401  
2.985038245118729e-05  0.003132823701785927  6.288880838130492e-08  0.00294623898675733  1.005239624460005  0.05446367303014196  
3.154990064958095e-05  0.003269831865253394  6.799394678005477e-08  0.003047283902653491  1.005424955823812  0.05498556086514747  
3.334618015786369e-05  0.0034010561290501  7.352669058994612e-08  0.003106307064980215  1.005606007048222  0.0555433208110631  
3.524473003801588e-05  0.003532664374935781  7.948636632263452e-08  0.003170976182700908  1.005787933921245  0.05610655372601452  
3.72513730080021e-05  0.003677250570967398  8.589515047251901e-08  0.003220806733540766  1.005983075659725  0.05663570024780362  
3.937226329963476e-05  0.00384077508659347  9.275617842926776e-08  0.003251609093954106  1.006196651296284  0.05711282697485995  
4.161390553316716e-05  0.004017208047036916  1.000385285048901e-07  0.003242399557015044  1.006421176797943  0.05755362188198532  
4.398317466650229e-05  0.004187811903570021  1.076492497060668e-07  0.003176118452108275  1.006635321673438  0.05799442143501859  
4.648733708020257e-05  0.004336963424559493  1.155342736036097e-07  0.003126890300228984  1.006822248253938  0.05847858088247813  
4.913407286296377e-05  0.004469803752768626  1.238553268256494e-07  0.003173136814643466  1.006990566221841  0.05904631900498737  
5.193149936590223e-05  0.004599003627932076  1.328743941093386e-07  0.003291327971839831  1.007157650994786  0.05972740569757667  
5.488819609789677e-05  0.004730519740529838  1.428098487523092e-07  0.003430672971390352  1.007332351443973  0.06054198943475502  
5.801323103833378e-05  0.004866495838920974  1.538570085242796e-07  0.003622122787076335  1.007518597881343  0.06150164732428472  
6.131618844795769e-05  0.005008685522619342  1.662151248995396e-07  0.003845423196232721  1.007719472495959  0.06260678896779812  
6.480719826311985e-05  0.005157947962036948  1.800568946497599e-07  0.004070935382544169  1.0079362951129  0.06385498368554079  
6.849696716357453e-05  0.005313296373847434  1.954744819318809e-07  0.004281819859595026  1.008167064796398  0.06524285886893438  
7.239681140910877e-05  0.005474282402029637  2.125989403419111e-07  0.004506005505894467  1.008410861185044  0.06676502919169006  
7.651869154570849e-05  0.005641445879483075  2.316531641047311e-07  0.004743844471683582  1.008668852117426  0.06841796501965755  
8.087524908770474e-05  0.005812820167131555  2.527912447959547e-07  0.004965680880550554  1.00893851372168  0.07021019804610859  
8.547984528840423e-05  0.005986677300824377  2.761991740578679e-07  0.005204090684823172  1.009217838671391  0.07215377479131153  
9.034660211810534e-05  0.006166559163119282  3.023607398787874e-07  0.005527615230426511  1.009513234442434  0.07424256333241645  
9.549044557518078e-05  0.006354793999182536  3.317681732364678e-07  0.005884945319674284  1.009829153881348  0.0764672868202866  
0.000100927151463057  0.006551108431065507  3.648197212007972e-07  0.006262669019549124  1.010165792051006  0.07882632920999108  
0.0001066733937734855  0.006755696708689621  4.01991759436429e-07  0.006672070339204094  1.010524131790919  0.08131663646934383  
0.0001127467958244943  0.006969287304360783  4.438531669183846e-07  0.007117708464226583  1.010906012633649  0.08392663888000182  
0.0001191659843098559  0.007192734059563802  4.910369756205763e-07  0.007593918207464464  1.011313347659698  0.0866411295128918  
0.0001259506464258356  0.007426886822043567  5.442136705556201e-07  0.008099415388658724  1.011747735392488  0.08944250906774534  
0.0001331215902504305  0.007672682215451107  6.041296740292635e-07  0.008635070860038171  1.012210861731582  0.09232117678067429  
0.0001407008085602687  0.007931249891149482  6.716266045977918e-07  0.009177761302277912  1.01270468802182  0.09528588905175377  
0.0001487115462808954  0.00820358471183965  7.47640440493676e-07  0.009782467235873237  1.013231038592801  0.09838066243236203  
0.0001571783717773161  0.008490740840169059  8.332980043902474e-07  0.01044385859288291  1.013792348147635  0.1016840214889425  
0.0001661272522034289  0.008793957277860011  9.30151704654278e-07  0.01120470350517717  1.014392988696951  0.1052916132669029  
0.0001755856331414464  0.009114786458219405  1.040246857134973e-06  0.01208841908988498  1.015039228216487  0.1093114525145761  
0.0001855825227755519  0.009454970716684268  1.166066250391619e-06  0.01312002953098316  1.015738246926922  0.1138517441599899  
0.0001961485808579429  0.009816606942268831  1.310810416868258e-06  0.01435465633170592  1.01649934923454  0.1190375599561802  
0.0002073162127401227  0.01020209898282492  1.478803532547718e-06  0.01586690506887731  1.017335180920808  0.1250007469366534  
0.0002191196687578152  0.01061460776015798  1.675704281486907e-06  0.0175168637785858  1.018262046673271  0.1318207078851725  
0.0002315951492743155  0.01105818159933848  1.908530381645822e-06  0.01968587355142523  1.019298986243244  0.1394624711407785  
0.000244780915704444  0.01153746791264232  2.185279041934182e-06  0.02219704844977229  1.020464957360279  0.1478004982025792  
0.0002587174078595919  0.01205822866946743  2.514684328095083e-06  0.02503035069146993  1.021778039751758  0.1566593441424678  
0.0002734473679737574  0.01262701381215824  2.906323698017497e-06  0.02814816167803226  1.02325547119887  0.1658988330745955  
0.0002890159717909511  0.01325119104868949  3.370682303323698e-06  0.03155455643885238  1.024913807071038  0.1754438676107345  
0.0003054709671159968  0.01393823059110783  3.919725050705541e-06  0.03526401278232216  1.026769973940443  0.1852923925986889  
0.0003228628202536727  0.01469600258295431  4.567350041570312e-06  0.03932966613642819  1.028842413241146  0.1954906689901403  
0.0003412448707852896  0.01553249376817469  5.330111976795343e-06  0.04368405573124139  1.031152104297498  0.2060886396931704  
0.0003606734951574031  0.01645761095315693  6.227664739637129e-06  0.04863516160176554  1.033724376665784  0.2171545430614299  
0.0003812082795843888  0.01748075619734167  7.282806126472563e-06  0.05410035678870235  1.036585289116754  0.2287635501717263  
0.0004029122027951344  0.01861377986446965  8.523273627506302e-06  0.06022422465611176  1.0397679508436  0.2410372608744409  
0.0004258518291843406  0.01986967558030183  9.983890719403409e-06  0.06717849618006574  1.043314193215758  0.2543238667054089  
0.0004500975129608051  0.02126327944092139  1.170778087841938e-05  0.07520111606088262  1.047274933674254  0.2698575527977636  
0.000475723613918789  0.02281269274868118  1.376140012152415e-05  0.08593206572206226  1.05173999364124  0.2898219430020785  
0.0005028087254942475  0.02454467987444715  1.629624043803464e-05  0.1036469487554578  1.056955096821798  0.3157613180936221  
0.0005314359158053253  0.02650131227407303  1.958610052847054e-05  0.1292832330805177  1.063356368445409  0.3474023213316546  
0.0005616929824163816  0.02874666394361237  2.389752446381836e-05  0.156149998668809  1.07129219185997  0.3810801579868896  
0.0005936727216069126  0.03135403556794496  2.938414700713984e-05  0.1854303368512619  1.08084956726023  0.411554704028521  
0.0006274732129711574  0.03437198786732693  3.605953153484092e-05  0.2086125167331552  1.091839829983001  0.4360268334160257  
0.0006631981202212661  0.03782794909098609  4.381307497205791e-05  0.2254934950042587  1.103891277131543  0.4543064519678144  
0.0007009570091165632  0.04173690348663282  5.263236194746696e-05  0.2415446322273792  1.116823337123699  0.4688188221023268  
0.0007408656834939568  0.04611128511368266  6.262342765949718e-05  0.2584151211007922  1.130638654992879  0.4821754824129306  
0.0007830465404301183  0.05098164484468516  7.39250272929661e-05  0.2760502778035443  1.145388584248772  0.4952719647720764  
0.0008276289456246369  0.05642288700656495  8.668390412951099e-05  0.2944373857968472  1.161160528902461  0.5081572576745761  
0.0008747496301554433  0.06254753155940168  0.0001010638086301571  0.3158756761718837  1.178082085843464  0.5207426818825311  
0.000924553109823358  0.06941213873083668  0.0001172465308308285  0.3358044354407055  1.196226412118797  0.5329861003723424  
0.0009771921283717997  0.07695423690685724  0.0001354400947176459  0.3565943798961605  1.215555532174469  0.5449899432218464  
0.001032828125941028  0.0850886822312468  0.0001558620569626908  0.3780946899030582  1.235996711406655  0.5570759487230874  
0.001091631734193617  0.09374572837724054  0.0001787422570688688  0.4001606975698676  1.257484333137485  0.5698095592976838  
0.001153783299629662  0.1028501231275237  0.0002043392766856996  0.423113727064798  1.279953810406832  0.5833682258039675  
0.001219473436696738  0.1124378371332913  0.0002329486809394346  0.4471158763790488  1.303461826610616  0.5961099301016028  
0.001288903612390897  0.1228039987549581  0.0002649115633083844  0.4723026198116332  1.32833648447511  0.6054823155051887  
0.00136228676414165  0.1343161695367768  0.0003005826778548672  0.4999087706735475  1.354961841040646  0.6117816962918886  
0.00143984795287601  0.1471233055139624  0.0003402944946979859  0.5256801980675102  1.383463881627064  0.6178234919078878  
0.001521825053264387  0.1610867102412983  0.0003843975691578509  0.551556831305311  1.413676564990568  0.6248614040776378  
0.001608469483265355  0.176049774661966  0.0004332928263221229  0.5777911143013227  1.44543183682114  0.6322796352227792  
0.001700046975206722  0.1919572112652178  0.0004874169078386179  0.6044322296997029  1.478665116956676  0.6394451701698635  
0.001796838390767723  0.2087964377112594  0.0005472509552443855  0.6315397225414037  1.51335969618581  0.6461729439167743  
0.001899140582361935  0.2265595453172712  0.0006133284193188782  0.6593148796074672  1.549510055150561  0.6524714658555333  
0.002007267303562577  0.2452942785395839  0.0006862300473235781  0.6875722228319503  1.58716705557612  0.6583696351901329  
0.002121550171362457  0.2650817455203306  0.0007665782376672428  0.7163571785864479  1.626411045206393  0.6638922504904204  
0.00224233968321984  0.2859814953850202  0.0008550355202691502  0.748041914025216  1.667295498195415  0.6690751326740609  
0.00237000629200933  0.3080075885015324  0.0009523447931335749  0.7780094690172388  1.709839767742779  0.6739570861930713  
0.002504941542174502  0.3311618635514585  0.001059332000359085  0.8087829065848946  1.754058758558236  0.6785388848912861  
0.002647559270567064  0.3554787043095429  0.001176902936802647  0.8403326480872069  1.800002439768947  0.6827301249202872  
0.00279829687565511  0.3810385922056631  0.00130600486772767  0.8723535979474025  1.847752785074109  0.6864394138492446  
0.002957616658993245  0.4079814929512885  0.001447645461323465  0.9048343223806632  1.897445013154828  0.6894619774534442  
0.003126007243068704  0.4364146966384959  0.001602923297903598  0.9376330432303586  1.949184877020438  0.6906480742787735  
0.003303985069871855  0.466304946127008  0.001772684943683525  0.9645371159299109  2.002834290598979  0.6880169215225109  
0.003492095984787264  0.4969835434776277  0.001956249963554966  0.9863622347969405  2.057177184224344  0.6820901208826803  
0.003690916910662782  0.5251016224053389  0.002154059512911792  1.01256882284059  2.108712569237785  0.6761862747429879  
0.003901057617190994  0.5456418884344088  0.002374022524416068  1.082842062471927  2.154200581326905  0.6719515107495398  
0.004123162591029748  0.5505769675000002  0.002634131770089018  1.147517297785608  2.189438936179036  0.6708824879700001  
0.004357913012397021  0.5505769675  0.002929651367385446  1.208347855108796  2.222837143196812  0.6708824879700001  
0.004606028844202388  0.5505769675000003  0.003258324899264005  1.272402459128986  2.25798133023326  0.6708824879700001  
0.004868271040122284  0.5505769675  0.003623871859756022  1.339851953981198  2.294962773033333  0.6708824879700001  
0.005145443878390925  0.5505769674999998  0.00403042902777984  1.410876235293166  2.333877519024085  0.6708824879700001  
0.005438397428464791  0.5505769674999998  0.004482597281754881  1.485664729657973  2.37482663676705  0.6708824879700001  
0.005748030158125363  0.5505769675000002  0.004985493666282221  1.564416899500735  2.417916478451378  0.6708824879700001  
0.006075291689016078  0.5505769675000001  0.005544809300113944  1.647342774684103  2.463258956109497  0.6708824879700001  
0.006421185709064759  0.5505769675000002  0.006166873780737776  1.734663512268521  2.510971832272721  0.6708824879700001  
0.006786773050723288  0.5505769675000001  0.006858726814422549  1.826611985918044  2.561179025821605  0.6708824879700001  
0.007173174944465598  0.5505769675000001  0.0076281978823395  1.923433406521552  2.614010933825465  0.6708824879700001  
0.007581576457522118  0.5505769675000001  0.008483994844315487  2.025385975682312  2.66960477020692  0.6708824879700001  
0.008013230128396887  0.5505769675000003  0.009435802482918304  2.132741573816219  2.728104922110985  0.6708824879700001  
0.008469459808314577  0.5505769674999998  0.0104943921030672  2.245786484691445  2.789663324904367  0.6708824879700001  
0.00895166472137832  0.5505769675000003  0.01167174342747139  2.36482215833892  2.854439856778795  0.6708824879700001  
0.009461323755890779  0.5505769675000001  0.01298118016734907  2.490166014365466  2.922602753983289  0.6708824879700001  
0.01  0.5505769675000001  0.01443752080263845  2.62215228780898  2.994329047763845  0.6708824879700001  
