# Output from MakeTOVProfile
# EOS = Tabulated(filename=/Users/mbdeaton/EsOS/LS220_ColdTable-T0.1.dat;)
# rho_c = 0.001021
# r (iso) = 7.39545
#[1] r (isotropic coords)
#[2] rho (baryon density)
#[3] P
0   0.001021   0.000111402
0.0148205   0.001021   0.000111401
0.0296411   0.00102098   0.000111397
0.0444616   0.00102096   0.000111389
0.0592821   0.00102092   0.00011138
0.0741027   0.00102088   0.000111367
0.0889232   0.00102082   0.000111351
0.103744   0.00102076   0.000111333
0.118564   0.00102068   0.000111311
0.133385   0.0010206   0.000111287
0.148205   0.0010205   0.00011126
0.163026   0.0010204   0.000111231
0.177846   0.00102029   0.000111198
0.192667   0.00102016   0.000111163
0.207487   0.00102003   0.000111124
0.222308   0.00101989   0.000111083
0.237129   0.00101973   0.000111039
0.251949   0.00101957   0.000110993
0.26677   0.0010194   0.000110943
0.28159   0.00101921   0.000110891
0.296411   0.00101902   0.000110836
0.311231   0.00101882   0.000110778
0.326052   0.0010186   0.000110717
0.340872   0.00101838   0.000110653
0.355693   0.00101815   0.000110587
0.370513   0.00101791   0.000110518
0.385334   0.00101766   0.000110446
0.400154   0.00101739   0.000110372
0.414975   0.00101712   0.000110294
0.429796   0.00101684   0.000110214
0.444616   0.00101655   0.000110131
0.459437   0.00101625   0.000110045
0.474257   0.00101594   0.000109957
0.489078   0.00101562   0.000109866
0.503898   0.00101529   0.000109772
0.518719   0.00101495   0.000109675
0.533539   0.0010146   0.000109576
0.54836   0.00101424   0.000109474
0.56318   0.00101387   0.000109369
0.578001   0.00101349   0.000109261
0.592821   0.0010131   0.000109151
0.607642   0.0010127   0.000109038
0.622462   0.00101229   0.000108923
0.637283   0.00101187   0.000108805
0.652104   0.00101144   0.000108684
0.666924   0.00101101   0.00010856
0.681745   0.00101056   0.000108434
0.696565   0.0010101   0.000108305
0.711386   0.00100963   0.000108174
0.726206   0.00100916   0.00010804
0.741027   0.00100867   0.000107903
0.755847   0.00100817   0.000107764
0.770668   0.00100767   0.000107622
0.785488   0.00100715   0.000107478
0.800309   0.00100663   0.000107331
0.815129   0.00100609   0.000107181
0.82995   0.00100555   0.000107029
0.84477   0.001005   0.000106874
0.859591   0.00100443   0.000106717
0.874412   0.00100386   0.000106557
0.889232   0.00100328   0.000106395
0.904053   0.00100268   0.00010623
0.918873   0.00100208   0.000106063
0.933694   0.00100147   0.000105893
0.948514   0.00100085   0.000105721
0.963335   0.00100022   0.000105547
0.978155   0.000999578   0.00010537
0.992976   0.000998928   0.00010519
1.0078   0.000998269   0.000105008
1.02262   0.000997601   0.000104824
1.03744   0.000996923   0.000104637
1.05226   0.000996236   0.000104448
1.06708   0.000995539   0.000104257
1.0819   0.000994833   0.000104063
1.09672   0.000994117   0.000103867
1.11154   0.000993391   0.000103668
1.12636   0.000992656   0.000103467
1.14118   0.000991912   0.000103264
1.156   0.000991159   0.000103059
1.17082   0.000990396   0.000102851
1.18564   0.000989624   0.000102641
1.20046   0.000988842   0.000102429
1.21528   0.000988052   0.000102214
1.2301   0.000987252   0.000101998
1.24492   0.000986443   0.000101779
1.25975   0.000985625   0.000101558
1.27457   0.000984797   0.000101334
1.28939   0.00098396   0.000101109
1.30421   0.000983113   0.000100881
1.31903   0.000982258   0.000100652
1.33385   0.000981393   0.00010042
1.34867   0.000980519   0.000100186
1.36349   0.000979636   9.99497e-05
1.37831   0.000978744   9.97115e-05
1.39313   0.000977843   9.94713e-05
1.40795   0.000976933   9.92291e-05
1.42277   0.000976014   9.89848e-05
1.43759   0.000975085   9.87385e-05
1.45241   0.000974147   9.84902e-05
1.46723   0.0009732   9.82399e-05
1.48205   0.000972244   9.79877e-05
1.49687   0.000971279   9.77334e-05
1.51169   0.000970305   9.74773e-05
1.52652   0.000969323   9.72192e-05
1.54134   0.000968332   9.69592e-05
1.55616   0.000967331   9.66974e-05
1.57098   0.000966323   9.64336e-05
1.5858   0.000965306   9.6168e-05
1.60062   0.00096428   9.59006e-05
1.61544   0.000963245   9.56314e-05
1.63026   0.000962201   9.53603e-05
1.64508   0.000961149   9.50874e-05
1.6599   0.000960089   9.48128e-05
1.67472   0.000959019   9.45364e-05
1.68954   0.000957942   9.42583e-05
1.70436   0.000956869   9.39784e-05
1.71918   0.00095579   9.36969e-05
1.734   0.000954702   9.34136e-05
1.74882   0.000953606   9.31287e-05
1.76364   0.000952502   9.28421e-05
1.77846   0.00095139   9.25538e-05
1.79328   0.000950268   9.2264e-05
1.80811   0.000949139   9.19725e-05
1.82293   0.000948   9.16794e-05
1.83775   0.000946853   9.13848e-05
1.85257   0.000945697   9.10886e-05
1.86739   0.000944533   9.07908e-05
1.88221   0.000943361   9.04916e-05
1.89703   0.00094218   9.01908e-05
1.91185   0.000940991   8.98886e-05
1.92667   0.000939794   8.95849e-05
1.94149   0.000938587   8.92797e-05
1.95631   0.000937373   8.89731e-05
1.97113   0.00093615   8.86651e-05
1.98595   0.000934918   8.83557e-05
2.00077   0.000933679   8.80449e-05
2.01559   0.000932432   8.77328e-05
2.03041   0.000931177   8.74193e-05
2.04523   0.000929912   8.71044e-05
2.06005   0.000928639   8.67883e-05
2.07487   0.000927358   8.64709e-05
2.0897   0.000926069   8.61522e-05
2.10452   0.000924772   8.58323e-05
2.11934   0.000923467   8.55111e-05
2.13416   0.000922155   8.51888e-05
2.14898   0.000920832   8.48652e-05
2.1638   0.000919502   8.45404e-05
2.17862   0.000918164   8.42145e-05
2.19344   0.000916818   8.38874e-05
2.20826   0.000915465   8.35593e-05
2.22308   0.000914103   8.323e-05
2.2379   0.000912733   8.28996e-05
2.25272   0.000911355   8.25682e-05
2.26754   0.000909968   8.22357e-05
2.28236   0.000908574   8.19021e-05
2.29718   0.000907173   8.15676e-05
2.312   0.000905763   8.12321e-05
2.32682   0.000904346   8.08956e-05
2.34164   0.000902919   8.05581e-05
2.35646   0.000901486   8.02197e-05
2.37129   0.000900044   7.98804e-05
2.38611   0.000898595   7.95401e-05
2.40093   0.000897139   7.9199e-05
2.41575   0.000895674   7.8857e-05
2.43057   0.0008942   7.85142e-05
2.44539   0.00089272   7.81706e-05
2.46021   0.000891231   7.78261e-05
2.47503   0.000889736   7.74808e-05
2.48985   0.000888233   7.71348e-05
2.50467   0.000886721   7.6788e-05
2.51949   0.000885201   7.64405e-05
2.53431   0.000883674   7.60923e-05
2.54913   0.000882139   7.57433e-05
2.56395   0.000880598   7.53937e-05
2.57877   0.000879048   7.50434e-05
2.59359   0.00087749   7.46925e-05
2.60841   0.000875924   7.4341e-05
2.62323   0.000874352   7.39888e-05
2.63806   0.000872772   7.36361e-05
2.65288   0.000871185   7.32827e-05
2.6677   0.000869589   7.29289e-05
2.68252   0.000867986   7.25744e-05
2.69734   0.000866375   7.22195e-05
2.71216   0.000864758   7.18641e-05
2.72698   0.000863134   7.15082e-05
2.7418   0.000861501   7.11518e-05
2.75662   0.00085986   7.0795e-05
2.77144   0.000858213   7.04377e-05
2.78626   0.000856559   7.00801e-05
2.80108   0.000854898   6.9722e-05
2.8159   0.000853227   6.93636e-05
2.83072   0.00085155   6.90048e-05
2.84554   0.000849866   6.86457e-05
2.86036   0.000848176   6.82863e-05
2.87518   0.000846483   6.79266e-05
2.89   0.000844793   6.75665e-05
2.90482   0.000843097   6.72062e-05
2.91965   0.000841393   6.68457e-05
2.93447   0.000839684   6.64849e-05
2.94929   0.000837976   6.61238e-05
2.96411   0.000836266   6.57626e-05
2.97893   0.00083455   6.54012e-05
2.99375   0.000832827   6.50395e-05
3.00857   0.000831098   6.46778e-05
3.02339   0.00082936   6.43158e-05
3.03821   0.000827616   6.39538e-05
3.05303   0.000825864   6.35916e-05
3.06785   0.000824107   6.32294e-05
3.08267   0.000822341   6.2867e-05
3.09749   0.000820569   6.25046e-05
3.11231   0.000818789   6.21422e-05
3.12713   0.000817004   6.17797e-05
3.14195   0.000815211   6.14172e-05
3.15677   0.00081341   6.10547e-05
3.17159   0.000811603   6.06923e-05
3.18641   0.000809789   6.03298e-05
3.20124   0.00080797   5.99675e-05
3.21606   0.000806141   5.96052e-05
3.23088   0.000804306   5.92429e-05
3.2457   0.000802465   5.88808e-05
3.26052   0.000800618   5.85188e-05
3.27534   0.000798762   5.8157e-05
3.29016   0.0007969   5.77952e-05
3.30498   0.000795032   5.74337e-05
3.3198   0.000793157   5.70723e-05
3.33462   0.000791274   5.67112e-05
3.34944   0.000789385   5.63502e-05
3.36426   0.000787489   5.59895e-05
3.37908   0.000785588   5.5629e-05
3.3939   0.000783678   5.52688e-05
3.40872   0.000781762   5.49088e-05
3.42354   0.00077984   5.45492e-05
3.43836   0.000777911   5.41898e-05
3.45318   0.000775975   5.38308e-05
3.46801   0.000774032   5.34721e-05
3.48283   0.000772084   5.31137e-05
3.49765   0.000770128   5.27558e-05
3.51247   0.000768165   5.23982e-05
3.52729   0.000766196   5.2041e-05
3.54211   0.000764221   5.16842e-05
3.55693   0.000762239   5.13278e-05
3.57175   0.000760249   5.09718e-05
3.58657   0.000758254   5.06164e-05
3.60139   0.000756253   5.02613e-05
3.61621   0.000754243   4.99068e-05
3.63103   0.000752228   4.95528e-05
3.64585   0.000750206   4.91992e-05
3.66067   0.000748178   4.88462e-05
3.67549   0.000746143   4.84938e-05
3.69031   0.000744101   4.81419e-05
3.70513   0.000742054   4.77905e-05
3.71995   0.000740036   4.74397e-05
3.73477   0.000738013   4.70895e-05
3.7496   0.000735985   4.67399e-05
3.76442   0.00073395   4.63909e-05
3.77924   0.000731911   4.60425e-05
3.79406   0.000729865   4.56947e-05
3.80888   0.000727813   4.53476e-05
3.8237   0.000725754   4.50011e-05
3.83852   0.000723688   4.46552e-05
3.85334   0.000721617   4.43101e-05
3.86816   0.000719538   4.39656e-05
3.88298   0.000717453   4.36219e-05
3.8978   0.000715363   4.32788e-05
3.91262   0.000713265   4.29365e-05
3.92744   0.00071116   4.25949e-05
3.94226   0.000709049   4.22541e-05
3.95708   0.000706932   4.1914e-05
3.9719   0.000704808   4.15747e-05
3.98672   0.000702678   4.12362e-05
4.00154   0.000700541   4.08985e-05
4.01636   0.000698397   4.05616e-05
4.03119   0.000696247   4.02256e-05
4.04601   0.000694092   3.98903e-05
4.06083   0.000691928   3.9556e-05
4.07565   0.000689759   3.92225e-05
4.09047   0.000687584   3.88898e-05
4.10529   0.0006854   3.8558e-05
4.12011   0.000683212   3.82272e-05
4.13493   0.000681017   3.78972e-05
4.14975   0.000678814   3.75682e-05
4.16457   0.000676606   3.72401e-05
4.17939   0.000674392   3.69129e-05
4.19421   0.000672171   3.65867e-05
4.20903   0.000669945   3.62614e-05
4.22385   0.000667712   3.59371e-05
4.23867   0.000665471   3.56138e-05
4.25349   0.000663226   3.52915e-05
4.26831   0.000660972   3.49702e-05
4.28313   0.000658712   3.46498e-05
4.29796   0.000656447   3.43306e-05
4.31278   0.000654188   3.40123e-05
4.3276   0.000651926   3.36951e-05
4.34242   0.000649662   3.33789e-05
4.35724   0.000647417   3.30638e-05
4.37206   0.000645167   3.27497e-05
4.38688   0.00064291   3.24367e-05
4.4017   0.000640645   3.21248e-05
4.41652   0.000638375   3.18139e-05
4.43134   0.000636097   3.15041e-05
4.44616   0.000633812   3.11954e-05
4.46098   0.000631522   3.08879e-05
4.4758   0.000629223   3.05814e-05
4.49062   0.000626918   3.0276e-05
4.50544   0.000624606   2.99718e-05
4.52026   0.000622288   2.96688e-05
4.53508   0.000619963   2.93669e-05
4.5499   0.000617629   2.90661e-05
4.56472   0.00061529   2.87665e-05
4.57955   0.000612944   2.84681e-05
4.59437   0.00061059   2.81709e-05
4.60919   0.000608231   2.78749e-05
4.62401   0.000605862   2.75801e-05
4.63883   0.000603488   2.72865e-05
4.65365   0.000601107   2.69941e-05
4.66847   0.000598718   2.6703e-05
4.68329   0.000596323   2.64131e-05
4.69811   0.000593919   2.61245e-05
4.71293   0.00059151   2.58371e-05
4.72775   0.000589092   2.55509e-05
4.74257   0.000586667   2.52661e-05
4.75739   0.000584235   2.49825e-05
4.77221   0.000581796   2.47002e-05
4.78703   0.00057935   2.44192e-05
4.80185   0.000576897   2.41395e-05
4.81667   0.000574444   2.38612e-05
4.83149   0.00057202   2.35841e-05
4.84631   0.000569591   2.33083e-05
4.86114   0.000567164   2.30339e-05
4.87596   0.000564732   2.27607e-05
4.89078   0.000562291   2.24889e-05
4.9056   0.000559843   2.22184e-05
4.92042   0.000557387   2.19492e-05
4.93524   0.000554923   2.16813e-05
4.95006   0.000552451   2.14149e-05
4.96488   0.000549971   2.11497e-05
4.9797   0.000547484   2.08859e-05
4.99452   0.000544987   2.06235e-05
5.00934   0.000542484   2.03625e-05
5.02416   0.000539971   2.01028e-05
5.03898   0.000537451   1.98446e-05
5.0538   0.000534921   1.95877e-05
5.06862   0.000532385   1.93322e-05
5.08344   0.000529838   1.90781e-05
5.09826   0.000527285   1.88255e-05
5.11308   0.000524722   1.85743e-05
5.1279   0.000522151   1.83245e-05
5.14273   0.000519571   1.80761e-05
5.15755   0.000516982   1.78292e-05
5.17237   0.000514384   1.75837e-05
5.18719   0.000511778   1.73397e-05
5.20201   0.000509163   1.70971e-05
5.21683   0.000506546   1.6856e-05
5.23165   0.000503924   1.66164e-05
5.24647   0.000501336   1.63782e-05
5.26129   0.000498749   1.61415e-05
5.27611   0.00049615   1.59062e-05
5.29093   0.000493543   1.56724e-05
5.30575   0.000490925   1.54401e-05
5.32057   0.000488297   1.52092e-05
5.33539   0.00048566   1.49799e-05
5.35021   0.000483013   1.4752e-05
5.36503   0.000480356   1.45256e-05
5.37985   0.00047769   1.43007e-05
5.39467   0.000475016   1.40773e-05
5.4095   0.000472333   1.38554e-05
5.42432   0.000469639   1.3635e-05
5.43914   0.000466935   1.34161e-05
5.45396   0.000464219   1.31988e-05
5.46878   0.000461493   1.2983e-05
5.4836   0.000458756   1.27687e-05
5.49842   0.000456007   1.2556e-05
5.51324   0.000453248   1.23448e-05
5.52806   0.000450476   1.21352e-05
5.54288   0.000447693   1.19271e-05
5.5577   0.000444904   1.17206e-05
5.57252   0.000442139   1.15156e-05
5.58734   0.00043938   1.13122e-05
5.60216   0.000436621   1.11103e-05
5.61698   0.000433848   1.091e-05
5.6318   0.000431062   1.07113e-05
5.64662   0.000428263   1.05141e-05
5.66144   0.000425451   1.03184e-05
5.67626   0.000422625   1.01243e-05
5.69109   0.000419785   9.93186e-06
5.70591   0.000416932   9.74095e-06
5.72073   0.000414064   9.55163e-06
5.73555   0.000411182   9.3639e-06
5.75037   0.000408286   9.17777e-06
5.76519   0.000405374   8.99325e-06
5.78001   0.000402447   8.81034e-06
5.79483   0.000399505   8.62905e-06
5.80965   0.000396548   8.44937e-06
5.82447   0.000393575   8.27133e-06
5.83929   0.000390585   8.09492e-06
5.85411   0.000387647   7.92014e-06
5.86893   0.000384707   7.74696e-06
5.88375   0.000381782   7.57539e-06
5.89857   0.000378906   7.4054e-06
5.91339   0.000376026   7.23699e-06
5.92821   0.000373128   7.07016e-06
5.94303   0.000370212   6.90492e-06
5.95785   0.000367279   6.74126e-06
5.97268   0.000364327   6.5792e-06
5.9875   0.000361355   6.41874e-06
6.00232   0.000358365   6.2599e-06
6.01714   0.000355354   6.10266e-06
6.03196   0.000352322   5.94705e-06
6.04678   0.00034927   5.79307e-06
6.0616   0.000346196   5.64073e-06
6.07642   0.000343118   5.49002e-06
6.09124   0.000340051   5.34095e-06
6.10606   0.000336979   5.1935e-06
6.12088   0.000333882   5.04768e-06
6.1357   0.00033076   4.9035e-06
6.15052   0.000327612   4.76097e-06
6.16534   0.000324437   4.62009e-06
6.18016   0.000321235   4.48088e-06
6.19498   0.000318004   4.34333e-06
6.2098   0.000314745   4.20747e-06
6.22462   0.000311455   4.0733e-06
6.23945   0.000308135   3.94083e-06
6.25427   0.000304782   3.81006e-06
6.26909   0.000301413   3.68102e-06
6.28391   0.00029807   3.55368e-06
6.29873   0.000294699   3.42805e-06
6.31355   0.000291291   3.30412e-06
6.32837   0.000287843   3.18193e-06
6.34319   0.000284354   3.06147e-06
6.35801   0.000280823   2.94276e-06
6.37283   0.000277248   2.82581e-06
6.38765   0.000273627   2.71065e-06
6.40247   0.000269958   2.59728e-06
6.41729   0.000266246   2.48571e-06
6.43211   0.000262549   2.37596e-06
6.44693   0.000258829   2.26801e-06
6.46175   0.00025505   2.16187e-06
6.47657   0.000251209   2.05756e-06
6.49139   0.000247302   1.95511e-06
6.50621   0.000243327   1.85454e-06
6.52104   0.000239278   1.75586e-06
6.53586   0.000235152   1.65911e-06
6.55068   0.000231021   1.56429e-06
6.5655   0.000226862   1.47141e-06
6.58032   0.000222607   1.38047e-06
6.59514   0.00021825   1.29152e-06
6.60996   0.000213782   1.20458e-06
6.62478   0.000209196   1.11971e-06
6.6396   0.000204507   1.03693e-06
6.65442   0.000199819   9.56253e-07
6.66924   0.000194975   8.77704e-07
6.68406   0.00018996   8.01339e-07
6.69888   0.000184754   7.2722e-07
6.7137   0.00017939   6.55414e-07
6.72852   0.000173998   5.85931e-07
6.74334   0.00016833   5.18828e-07
6.75816   0.000162341   4.5421e-07
6.77298   0.000155267   3.9226e-07
6.7878   0.00014682   3.33601e-07
6.80263   0.000138015   2.78483e-07
6.81745   0.00012901   2.2697e-07
6.83227   0.000119153   1.79231e-07
6.84709   0.00010813   1.35677e-07
6.86191   9.54249e-05   9.68009e-08
6.87673   8.01516e-05   6.33298e-08
6.89155   6.06095e-05   3.64766e-08
6.90637   3.49195e-05   1.83308e-08
6.92119   1.67195e-05   9.09093e-09
6.93601   6.35138e-06   5.28551e-09
6.95083   3.33638e-06   3.55745e-09
6.96565   1.91561e-06   2.61583e-09
6.98047   1.28399e-06   2.04437e-09
6.99529   9.98704e-07   1.62994e-09
7.01011   8.00724e-07   1.30282e-09
7.02493   6.45686e-07   1.04097e-09
7.03975   5.22332e-07   8.30449e-10
7.05457   4.23193e-07   6.60788e-10
7.06939   3.43086e-07   5.23898e-10
7.08422   2.77965e-07   4.13458e-10
7.09904   2.24783e-07   3.24457e-10
7.11386   1.81279e-07   2.52894e-10
7.12868   1.45601e-07   1.95547e-10
7.1435   1.16361e-07   1.49801e-10
7.15832   9.23805e-08   1.13522e-10
7.17314   7.27522e-08   8.49564e-11
7.18796   5.67484e-08   6.26587e-11
7.20278   4.37612e-08   4.54375e-11
7.2176   3.32755e-08   3.23024e-11
7.23242   2.48917e-08   2.24332e-11
7.24724   1.82504e-08   1.51517e-11
7.26206   1.30577e-08   9.89522e-12
7.27688   9.06697e-09   6.20158e-12
7.2917   6.0609e-09   3.69115e-12
7.30652   3.8593e-09   2.056e-12
7.32134   2.30199e-09   1.04839e-12
7.33616   1.25408e-09   4.72554e-13
7.35099   5.96362e-10   1.77072e-13
7.36581   2.26394e-10   4.87429e-14
7.38063   5.79866e-11   6.90282e-15
7.39545   0   0
