# Output from MakeTOVProfile
# EOS = Tabulated(filename=/Users/mbdeaton/EsOS/HempDD2_ColdTable-T0.1.dat;)
# rho_c = 0.000940293
# r (iso) = 7.48943
#[1] r (isotropic coords)
#[2] rho (baryon density)
#[3] P
0   0.000940293   0.000128355
0.0150089   0.00094029   0.000128353
0.0300178   0.00094028   0.000128349
0.0450266   0.000940264   0.000128341
0.0600355   0.000940241   0.000128331
0.0750444   0.000940213   0.000128318
0.0900533   0.000940177   0.000128302
0.105062   0.000940135   0.000128283
0.120071   0.000940087   0.000128261
0.13508   0.000940032   0.000128236
0.150089   0.000939971   0.000128208
0.165098   0.000939903   0.000128177
0.180107   0.000939829   0.000128144
0.195115   0.000939749   0.000128107
0.210124   0.000939662   0.000128068
0.225133   0.000939569   0.000128025
0.240142   0.000939469   0.00012798
0.255151   0.000939363   0.000127932
0.27016   0.00093925   0.000127881
0.285169   0.000939131   0.000127827
0.300178   0.000939006   0.00012777
0.315187   0.000938874   0.00012771
0.330195   0.000938735   0.000127647
0.345204   0.000938591   0.000127582
0.360213   0.000938439   0.000127513
0.375222   0.000938282   0.000127442
0.390231   0.000938118   0.000127368
0.40524   0.000937947   0.00012729
0.420249   0.00093777   0.00012721
0.435258   0.000937587   0.000127128
0.450266   0.000937398   0.000127042
0.465275   0.000937202   0.000126953
0.480284   0.000936999   0.000126862
0.495293   0.00093679   0.000126768
0.510302   0.000936575   0.000126671
0.525311   0.000936353   0.000126571
0.54032   0.000936125   0.000126468
0.555329   0.000935891   0.000126362
0.570338   0.00093565   0.000126254
0.585346   0.000935403   0.000126143
0.600355   0.000935149   0.000126029
0.615364   0.000934889   0.000125912
0.630373   0.000934623   0.000125792
0.645382   0.00093435   0.00012567
0.660391   0.000934071   0.000125545
0.6754   0.000933785   0.000125417
0.690409   0.000933493   0.000125286
0.705417   0.000933194   0.000125153
0.720426   0.000932889   0.000125016
0.735435   0.000932578   0.000124877
0.750444   0.00093226   0.000124736
0.765453   0.000931936   0.000124591
0.780462   0.000931606   0.000124444
0.795471   0.000931269   0.000124294
0.81048   0.000930926   0.000124142
0.825489   0.000930577   0.000123987
0.840497   0.000930221   0.000123829
0.855506   0.000929859   0.000123668
0.870515   0.00092949   0.000123505
0.885524   0.000929115   0.000123339
0.900533   0.000928734   0.00012317
0.915542   0.000928347   0.000122999
0.930551   0.000927953   0.000122826
0.94556   0.000927553   0.000122649
0.960568   0.000927147   0.00012247
0.975577   0.000926734   0.000122288
0.990586   0.000926315   0.000122104
1.0056   0.00092589   0.000121917
1.0206   0.000925458   0.000121728
1.03561   0.000925021   0.000121536
1.05062   0.000924576   0.000121342
1.06563   0.000924125   0.000121145
1.08064   0.000923668   0.000120945
1.09565   0.000923204   0.000120743
1.11066   0.000922735   0.000120538
1.12567   0.000922259   0.000120331
1.14068   0.000921776   0.000120122
1.15568   0.000921288   0.00011991
1.17069   0.000920793   0.000119695
1.1857   0.000920292   0.000119479
1.20071   0.000919785   0.000119259
1.21572   0.000919271   0.000119038
1.23073   0.000918752   0.000118813
1.24574   0.000918226   0.000118587
1.26075   0.000917693   0.000118358
1.27576   0.000917155   0.000118127
1.29076   0.000916611   0.000117893
1.30577   0.00091606   0.000117657
1.32078   0.000915502   0.000117418
1.33579   0.000914938   0.000117178
1.3508   0.000914368   0.000116935
1.36581   0.000913792   0.000116689
1.38082   0.000913209   0.000116442
1.39583   0.000912621   0.000116192
1.41083   0.000912026   0.00011594
1.42584   0.000911425   0.000115686
1.44085   0.000910818   0.000115429
1.45586   0.000910205   0.00011517
1.47087   0.000909585   0.000114909
1.48588   0.00090896   0.000114646
1.50089   0.000908328   0.000114381
1.5159   0.00090769   0.000114113
1.53091   0.000907046   0.000113844
1.54591   0.000906395   0.000113572
1.56092   0.000905738   0.000113298
1.57593   0.000905075   0.000113022
1.59094   0.000904406   0.000112744
1.60595   0.00090373   0.000112464
1.62096   0.000903049   0.000112181
1.63597   0.000902361   0.000111897
1.65098   0.000901668   0.000111611
1.66599   0.000900968   0.000111322
1.68099   0.000900262   0.000111032
1.696   0.00089955   0.00011074
1.71101   0.000898832   0.000110446
1.72602   0.000898108   0.000110149
1.74103   0.000897377   0.000109851
1.75604   0.00089664   0.000109551
1.77105   0.000895897   0.000109249
1.78606   0.000895148   0.000108945
1.80107   0.000894393   0.000108639
1.81607   0.000893632   0.000108332
1.83108   0.000892865   0.000108022
1.84609   0.000892092   0.000107711
1.8611   0.000891313   0.000107398
1.87611   0.000890527   0.000107083
1.89112   0.000889736   0.000106766
1.90613   0.000888938   0.000106448
1.92114   0.000888134   0.000106128
1.93615   0.000887324   0.000105806
1.95115   0.000886508   0.000105482
1.96616   0.000885686   0.000105157
1.98117   0.000884858   0.00010483
1.99618   0.000884024   0.000104501
2.01119   0.000883184   0.000104171
2.0262   0.000882338   0.000103839
2.04121   0.000881486   0.000103505
2.05622   0.000880628   0.00010317
2.07123   0.000879763   0.000102833
2.08623   0.000878892   0.000102494
2.10124   0.000878016   0.000102155
2.11625   0.000877133   0.000101813
2.13126   0.000876245   0.00010147
2.14627   0.00087535   0.000101126
2.16128   0.00087445   0.00010078
2.17629   0.000873544   0.000100432
2.1913   0.000872632   0.000100083
2.20631   0.000871713   9.97331e-05
2.22131   0.000870788   9.93813e-05
2.23632   0.000869857   9.90282e-05
2.25133   0.000868921   9.86737e-05
2.26634   0.000867978   9.83178e-05
2.28135   0.00086703   9.79606e-05
2.29636   0.000866075   9.7602e-05
2.31137   0.000865115   9.72422e-05
2.32638   0.000864149   9.6881e-05
2.34139   0.000863176   9.65186e-05
2.35639   0.000862198   9.61549e-05
2.3714   0.000861213   9.57899e-05
2.38641   0.000860222   9.54237e-05
2.40142   0.000859226   9.50563e-05
2.41643   0.000858224   9.46878e-05
2.43144   0.000857216   9.4318e-05
2.44645   0.000856202   9.39471e-05
2.46146   0.000855182   9.35751e-05
2.47647   0.000854155   9.32019e-05
2.49147   0.000853123   9.28276e-05
2.50648   0.000852085   9.24522e-05
2.52149   0.000851041   9.20758e-05
2.5365   0.000849991   9.16983e-05
2.55151   0.000848936   9.13198e-05
2.56652   0.000847874   9.09403e-05
2.58153   0.00084683   9.05597e-05
2.59654   0.000845788   9.01782e-05
2.61155   0.000844741   8.97956e-05
2.62655   0.000843688   8.94122e-05
2.64156   0.00084263   8.90277e-05
2.65657   0.000841566   8.86423e-05
2.67158   0.000840496   8.8256e-05
2.68659   0.00083942   8.78688e-05
2.7016   0.000838347   8.74808e-05
2.71661   0.000837268   8.70918e-05
2.73162   0.000836183   8.6702e-05
2.74663   0.000835092   8.63114e-05
2.76163   0.000833996   8.59199e-05
2.77664   0.000832895   8.55277e-05
2.79165   0.000831788   8.51347e-05
2.80666   0.000830674   8.47409e-05
2.82167   0.000829554   8.43463e-05
2.83668   0.000828428   8.3951e-05
2.85169   0.000827297   8.3555e-05
2.8667   0.00082616   8.31583e-05
2.88171   0.000825017   8.27609e-05
2.89671   0.000823869   8.23629e-05
2.91172   0.000822714   8.19642e-05
2.92673   0.000821553   8.15649e-05
2.94174   0.000820386   8.11649e-05
2.95675   0.000819214   8.07644e-05
2.97176   0.000818036   8.03632e-05
2.98677   0.000816852   7.99616e-05
3.00178   0.000815663   7.95593e-05
3.01679   0.000814467   7.91566e-05
3.03179   0.000813265   7.87533e-05
3.0468   0.000812057   7.83495e-05
3.06181   0.000810843   7.79452e-05
3.07682   0.000809624   7.75405e-05
3.09183   0.000808399   7.71354e-05
3.10684   0.000807168   7.67298e-05
3.12185   0.00080593   7.63238e-05
3.13686   0.000804687   7.59174e-05
3.15187   0.000803437   7.55106e-05
3.16687   0.000802182   7.51034e-05
3.18188   0.000800922   7.46959e-05
3.19689   0.000799655   7.42881e-05
3.2119   0.000798382   7.388e-05
3.22691   0.000797102   7.34716e-05
3.24192   0.000795817   7.30628e-05
3.25693   0.000794526   7.26539e-05
3.27194   0.00079323   7.22447e-05
3.28695   0.000791928   7.18352e-05
3.30195   0.000790618   7.14255e-05
3.31696   0.000789303   7.10157e-05
3.33197   0.000787981   7.06056e-05
3.34698   0.000786654   7.01954e-05
3.36199   0.000785322   6.97851e-05
3.377   0.000783983   6.93746e-05
3.39201   0.000782637   6.8964e-05
3.40702   0.000781285   6.85532e-05
3.42203   0.000779928   6.81424e-05
3.43703   0.000778565   6.77316e-05
3.45204   0.000777196   6.73207e-05
3.46705   0.00077582   6.69097e-05
3.48206   0.000774437   6.64987e-05
3.49707   0.000773049   6.60878e-05
3.51208   0.000771655   6.56768e-05
3.52709   0.000770255   6.52659e-05
3.5421   0.000768849   6.4855e-05
3.55711   0.000767435   6.44441e-05
3.57211   0.000766016   6.40334e-05
3.58712   0.00076459   6.36227e-05
3.60213   0.000763159   6.32121e-05
3.61714   0.000761722   6.28017e-05
3.63215   0.000760278   6.23914e-05
3.64716   0.000758827   6.19812e-05
3.66217   0.00075737   6.15712e-05
3.67718   0.000755908   6.11614e-05
3.69219   0.000754439   6.07518e-05
3.70719   0.000752963   6.03424e-05
3.7222   0.000751481   5.99333e-05
3.73721   0.000749992   5.95243e-05
3.75222   0.000748498   5.91157e-05
3.76723   0.000746998   5.87073e-05
3.78224   0.000745489   5.82992e-05
3.79725   0.000743975   5.78914e-05
3.81226   0.000742455   5.74839e-05
3.82727   0.000740928   5.70768e-05
3.84227   0.0007394   5.667e-05
3.85728   0.000737877   5.62636e-05
3.87229   0.000736348   5.58575e-05
3.8873   0.000734813   5.54518e-05
3.90231   0.000733271   5.50465e-05
3.91732   0.000731732   5.46417e-05
3.93233   0.000730191   5.42372e-05
3.94734   0.000728645   5.38331e-05
3.96235   0.000727092   5.34295e-05
3.97735   0.000725532   5.30264e-05
3.99236   0.000723965   5.26237e-05
4.00737   0.000722391   5.22215e-05
4.02238   0.00072081   5.18198e-05
4.03739   0.000719224   5.14186e-05
4.0524   0.000717629   5.10179e-05
4.06741   0.000716027   5.06178e-05
4.08242   0.000714418   5.02182e-05
4.09742   0.000712803   4.98192e-05
4.11243   0.000711181   4.94207e-05
4.12744   0.00070955   4.90229e-05
4.14245   0.000707913   4.86257e-05
4.15746   0.00070627   4.8229e-05
4.17247   0.000704619   4.78331e-05
4.18748   0.00070296   4.74377e-05
4.20249   0.000701294   4.70431e-05
4.2175   0.000699622   4.66491e-05
4.2325   0.000697943   4.62558e-05
4.24751   0.000696254   4.58632e-05
4.26252   0.000694559   4.54713e-05
4.27753   0.000692858   4.50802e-05
4.29254   0.000691149   4.46897e-05
4.30755   0.000689431   4.43001e-05
4.32256   0.000687706   4.39112e-05
4.33757   0.000685974   4.35231e-05
4.35258   0.000684235   4.31358e-05
4.36758   0.000682486   4.27493e-05
4.38259   0.000680731   4.23636e-05
4.3976   0.000678969   4.19788e-05
4.41261   0.000677198   4.15948e-05
4.42762   0.000675419   4.12117e-05
4.44263   0.000673632   4.08294e-05
4.45764   0.000671838   4.04481e-05
4.47265   0.000670035   4.00676e-05
4.48766   0.000668224   3.9688e-05
4.50266   0.000666406   3.93094e-05
4.51767   0.00066458   3.89317e-05
4.53268   0.000662744   3.8555e-05
4.54769   0.000660901   3.81792e-05
4.5627   0.000659049   3.78044e-05
4.57771   0.000657189   3.74305e-05
4.59272   0.00065532   3.70577e-05
4.60773   0.000653443   3.66859e-05
4.62274   0.000651558   3.63151e-05
4.63774   0.000649663   3.59454e-05
4.65275   0.00064776   3.55767e-05
4.66776   0.000645849   3.52091e-05
4.68277   0.000643927   3.48425e-05
4.69778   0.000641996   3.4477e-05
4.71279   0.000640056   3.41126e-05
4.7278   0.000638105   3.37494e-05
4.74281   0.000636143   3.33872e-05
4.75782   0.000634173   3.30262e-05
4.77282   0.000632193   3.26663e-05
4.78783   0.000630203   3.23076e-05
4.80284   0.000628205   3.195e-05
4.81785   0.000626197   3.15936e-05
4.83286   0.000624178   3.12384e-05
4.84787   0.000622151   3.08844e-05
4.86288   0.000620113   3.05316e-05
4.87789   0.000618065   3.018e-05
4.8929   0.000616008   2.98297e-05
4.9079   0.00061394   2.94806e-05
4.92291   0.000611862   2.91328e-05
4.93792   0.000609774   2.87862e-05
4.95293   0.000607675   2.84409e-05
4.96794   0.000605566   2.8097e-05
4.98295   0.000603447   2.77543e-05
4.99796   0.000601315   2.74129e-05
5.01297   0.000599174   2.70729e-05
5.02798   0.000597022   2.67342e-05
5.04298   0.000594857   2.63969e-05
5.05799   0.000592683   2.60609e-05
5.073   0.000590497   2.57263e-05
5.08801   0.000588299   2.53931e-05
5.10302   0.000586091   2.50613e-05
5.11803   0.000583869   2.47309e-05
5.13304   0.000581636   2.44019e-05
5.14805   0.000579392   2.40744e-05
5.16306   0.000577134   2.37483e-05
5.17806   0.000574866   2.34236e-05
5.19307   0.000572584   2.31005e-05
5.20808   0.00057029   2.27788e-05
5.22309   0.000567983   2.24586e-05
5.2381   0.000565662   2.21399e-05
5.25311   0.00056333   2.18227e-05
5.26812   0.000560981   2.1507e-05
5.28313   0.000558619   2.11929e-05
5.29814   0.000556189   2.08803e-05
5.31314   0.000553737   2.05693e-05
5.32815   0.00055127   2.026e-05
5.34316   0.00054879   1.99522e-05
5.35817   0.000546295   1.9646e-05
5.37318   0.000543786   1.93415e-05
5.38819   0.000541263   1.90387e-05
5.4032   0.000538724   1.87375e-05
5.41821   0.00053617   1.84379e-05
5.43322   0.000533601   1.81401e-05
5.44822   0.000531017   1.78439e-05
5.46323   0.000528416   1.75494e-05
5.47824   0.0005258   1.72567e-05
5.49325   0.000523168   1.69657e-05
5.50826   0.000520518   1.66764e-05
5.52327   0.000517851   1.63889e-05
5.53828   0.000515167   1.61031e-05
5.55329   0.000512466   1.58191e-05
5.5683   0.000509746   1.55369e-05
5.5833   0.000507009   1.52565e-05
5.59831   0.000504253   1.49779e-05
5.61332   0.00050148   1.47012e-05
5.62833   0.000498686   1.44263e-05
5.64334   0.000495874   1.41532e-05
5.65835   0.000493042   1.3882e-05
5.67336   0.00049019   1.36126e-05
5.68837   0.000487319   1.33452e-05
5.70338   0.000484308   1.30797e-05
5.71838   0.000481263   1.28161e-05
5.73339   0.000478178   1.25546e-05
5.7484   0.000475071   1.2295e-05
5.76341   0.000471943   1.20375e-05
5.77842   0.000468794   1.1782e-05
5.79343   0.00046562   1.15286e-05
5.80844   0.000462425   1.12772e-05
5.82345   0.000459206   1.10279e-05
5.83846   0.000455963   1.07807e-05
5.85346   0.000452695   1.05356e-05
5.86847   0.000449403   1.02927e-05
5.88348   0.000446085   1.00518e-05
5.89849   0.000442741   9.81313e-06
5.9135   0.00043937   9.57659e-06
5.92851   0.000435972   9.34222e-06
5.94352   0.000432547   9.11004e-06
5.95853   0.000429092   8.88006e-06
5.97354   0.000425609   8.65231e-06
5.98854   0.00042198   8.4268e-06
6.00355   0.000418223   8.20363e-06
6.01856   0.000414414   7.98283e-06
6.03357   0.000410574   7.76443e-06
6.04858   0.000406704   7.54844e-06
6.06359   0.000402801   7.33487e-06
6.0786   0.000398866   7.12375e-06
6.09361   0.000394897   6.91508e-06
6.10862   0.000390894   6.70887e-06
6.12362   0.000386855   6.50516e-06
6.13863   0.00038278   6.30395e-06
6.15364   0.000378668   6.10526e-06
6.16865   0.000374517   5.9091e-06
6.18366   0.000370307   5.7155e-06
6.19867   0.000365913   5.5245e-06
6.21368   0.000361354   5.33622e-06
6.22869   0.000356755   5.15069e-06
6.2437   0.000352115   4.96792e-06
6.2587   0.000347434   4.78793e-06
6.27371   0.000342709   4.61074e-06
6.28872   0.000337939   4.43636e-06
6.30373   0.000333124   4.26482e-06
6.31874   0.00032826   4.09614e-06
6.33375   0.000323346   3.93032e-06
6.34876   0.000318235   3.76741e-06
6.36377   0.000312949   3.60753e-06
6.37878   0.000307615   3.45072e-06
6.39378   0.000302231   3.29698e-06
6.40879   0.000296794   3.14633e-06
6.4238   0.000291302   2.99881e-06
6.43881   0.000285754   2.85441e-06
6.45382   0.000280144   2.71318e-06
6.46883   0.000274305   2.57515e-06
6.48384   0.000268388   2.44041e-06
6.49885   0.00026241   2.30898e-06
6.51386   0.000256372   2.18088e-06
6.52886   0.000250273   2.05611e-06
6.54387   0.000244102   1.93471e-06
6.55888   0.000237781   1.81671e-06
6.57389   0.000231377   1.70216e-06
6.5889   0.0002249   1.59109e-06
6.60391   0.000218347   1.4835e-06
6.61892   0.000211712   1.37944e-06
6.63393   0.000204971   1.27892e-06
6.64894   0.000198144   1.18198e-06
6.66394   0.000191228   1.08865e-06
6.67895   0.000184215   9.98941e-07
6.69396   0.000177108   9.12894e-07
6.70897   0.000169928   8.30523e-07
6.72398   0.000162643   7.51853e-07
6.73899   0.000155212   6.7692e-07
6.754   0.00014766   6.05771e-07
6.76901   0.000139984   5.38438e-07
6.78401   0.000132087   4.74981e-07
6.79902   0.000124051   4.1546e-07
6.81403   0.000115611   3.5997e-07
6.82904   0.000107171   3.08594e-07
6.84405   9.28018e-05   2.62566e-07
6.85906   8.41257e-05   2.22125e-07
6.87407   7.59418e-05   1.85667e-07
6.88908   6.79164e-05   1.53009e-07
6.90409   5.97716e-05   1.24154e-07
6.91909   5.15173e-05   9.91175e-08
6.9341   4.34714e-05   7.78466e-08
6.94911   3.59206e-05   6.01589e-08
6.96412   2.9098e-05   4.57507e-08
6.97913   2.31143e-05   3.42352e-08
6.99414   1.80525e-05   2.52108e-08
7.00915   1.38733e-05   1.82436e-08
7.02416   1.04685e-05   1.29635e-08
7.03917   7.7097e-06   9.04209e-09
7.05417   5.50772e-06   6.20548e-09
7.06918   3.76248e-06   4.22552e-09
7.08419   2.44738e-06   2.91049e-09
7.0992   1.49857e-06   2.08206e-09
7.11421   8.78271e-07   1.59492e-09
7.12922   6.44132e-07   1.28235e-09
7.14423   5.34316e-07   1.03664e-09
7.15924   4.46081e-07   8.32151e-10
7.17425   3.69863e-07   6.62769e-10
7.18925   3.04823e-07   5.23386e-10
7.20426   2.49358e-07   4.0943e-10
7.21927   1.96768e-07   3.18098e-10
7.23428   1.60575e-07   2.45301e-10
7.24929   1.29753e-07   1.86435e-10
7.2643   1.03611e-07   1.39349e-10
7.27931   8.16081e-08   1.0216e-10
7.29432   6.1585e-08   7.36482e-11
7.30933   4.66911e-08   5.21312e-11
7.32433   3.44899e-08   3.61897e-11
7.33934   2.54445e-08   2.43974e-11
7.35435   1.8258e-08   1.58461e-11
7.36936   1.26604e-08   9.83147e-12
7.38437   8.41033e-09   5.75851e-12
7.39938   5.28485e-09   3.13013e-12
7.41439   3.00907e-09   1.55685e-12
7.4294   1.60535e-09   6.90075e-13
7.44441   7.48992e-10   2.53022e-13
7.45941   2.75938e-10   6.77077e-14
7.47442   6.70571e-11   9.27906e-15
7.48943   0   0
