# Output from MakeTOVProfile
# EOS = Tabulated(filename=/Users/mbdeaton/EsOS/SFHx_ColdTable.dat;)
# rho_c = 0.002
# r (iso) = 5.59348
#[1] r (isotropic coords)
#[2] rho (baryon density)
#[3] P
0   0.002   0.000738299
0.0112094   0.00199998   0.000738286
0.0224187   0.00199994   0.000738245
0.0336281   0.00199986   0.000738177
0.0448375   0.00199976   0.000738082
0.0560469   0.00199962   0.00073796
0.0672562   0.00199946   0.00073781
0.0784656   0.00199926   0.000737634
0.089675   0.00199904   0.000737431
0.100884   0.00199878   0.0007372
0.112094   0.0019985   0.000736943
0.123303   0.00199819   0.000736658
0.134512   0.00199784   0.000736347
0.145722   0.00199747   0.000736009
0.156931   0.00199706   0.000735644
0.168141   0.00199663   0.000735252
0.17935   0.00199616   0.000734833
0.190559   0.00199567   0.000734388
0.201769   0.00199515   0.000733916
0.212978   0.00199459   0.000733417
0.224187   0.00199401   0.000732893
0.235397   0.0019934   0.000732341
0.246606   0.00199276   0.000731764
0.257816   0.00199209   0.00073116
0.269025   0.00199139   0.00073053
0.280234   0.00199066   0.000729874
0.291444   0.0019899   0.000729192
0.302653   0.00198911   0.000728484
0.313862   0.00198829   0.00072775
0.325072   0.00198745   0.000726991
0.336281   0.00198657   0.000726206
0.347491   0.00198567   0.000725395
0.3587   0.00198473   0.000724559
0.369909   0.00198377   0.000723698
0.381119   0.00198278   0.000722812
0.392328   0.00198176   0.000721901
0.403537   0.00198071   0.000720965
0.414747   0.00197964   0.000720004
0.425956   0.00197853   0.000719019
0.437166   0.0019774   0.000718009
0.448375   0.00197624   0.000716975
0.459584   0.00197505   0.000715916
0.470794   0.00197383   0.000714834
0.482003   0.00197258   0.000713727
0.493212   0.00197131   0.000712597
0.504422   0.00197001   0.000711443
0.515631   0.00196868   0.000710266
0.526841   0.00196732   0.000709066
0.53805   0.00196593   0.000707842
0.549259   0.00196452   0.000706595
0.560469   0.00196308   0.000705326
0.571678   0.00196161   0.000704034
0.582887   0.00196011   0.000702719
0.594097   0.00195859   0.000701382
0.605306   0.00195704   0.000700023
0.616515   0.00195547   0.000698642
0.627725   0.00195386   0.000697239
0.638934   0.00195223   0.000695815
0.650144   0.00195058   0.000694369
0.661353   0.0019489   0.000692902
0.672562   0.00194719   0.000691414
0.683772   0.00194546   0.000689905
0.694981   0.0019437   0.000688376
0.70619   0.00194191   0.000686826
0.7174   0.0019401   0.000685256
0.728609   0.00193837   0.000683666
0.739819   0.00193662   0.000682055
0.751028   0.00193485   0.000680425
0.762237   0.00193306   0.000678776
0.773447   0.00193125   0.000677107
0.784656   0.00192941   0.000675419
0.795865   0.00192754   0.000673712
0.807075   0.00192566   0.000671986
0.818284   0.00192375   0.000670242
0.829494   0.00192182   0.000668479
0.840703   0.00191986   0.000666698
0.851912   0.00191788   0.0006649
0.863122   0.00191588   0.000663083
0.874331   0.00191386   0.000661249
0.88554   0.00191181   0.000659398
0.89675   0.00190975   0.00065753
0.907959   0.00190766   0.000655645
0.919169   0.00190554   0.000653743
0.930378   0.0019034   0.000651825
0.941587   0.00190124   0.000649891
0.952797   0.00189906   0.00064794
0.964006   0.00189686   0.000645974
0.975215   0.00189464   0.000643992
0.986425   0.00189239   0.000641995
0.997634   0.00189013   0.000639983
1.00884   0.00188784   0.000637956
1.02005   0.00188553   0.000635915
1.03126   0.0018832   0.000633859
1.04247   0.00188086   0.000631788
1.05368   0.00187849   0.000629704
1.06489   0.00187609   0.000627606
1.0761   0.00187368   0.000625494
1.08731   0.00187124   0.00062337
1.09852   0.00186879   0.000621232
1.10973   0.00186632   0.000619081
1.12094   0.00186382   0.000616917
1.13215   0.00186131   0.000614742
1.14336   0.00185878   0.000612553
1.15457   0.00185623   0.000610353
1.16577   0.00185366   0.000608142
1.17698   0.00185107   0.000605919
1.18819   0.00184846   0.000603684
1.1994   0.00184583   0.000601439
1.21061   0.00184318   0.000599182
1.22182   0.00184051   0.000596915
1.23303   0.00183783   0.000594638
1.24424   0.00183512   0.00059235
1.25545   0.0018324   0.000590053
1.26666   0.00182966   0.000587746
1.27787   0.0018269   0.000585429
1.28908   0.00182413   0.000583103
1.30029   0.00182134   0.000580768
1.3115   0.00181853   0.000578424
1.32271   0.0018157   0.000576072
1.33392   0.00181285   0.000573711
1.34512   0.00180998   0.000571342
1.35633   0.0018071   0.000568965
1.36754   0.0018042   0.000566581
1.37875   0.00180129   0.000564189
1.38996   0.00179836   0.000561789
1.40117   0.00179541   0.000559383
1.41238   0.00179245   0.00055697
1.42359   0.00178947   0.00055455
1.4348   0.00178647   0.000552123
1.44601   0.00178346   0.000549691
1.45722   0.00178043   0.000547252
1.46843   0.00177739   0.000544808
1.47964   0.00177433   0.000542358
1.49085   0.00177125   0.000539902
1.50206   0.00176816   0.000537442
1.51327   0.00176506   0.000534976
1.52447   0.00176194   0.000532506
1.53568   0.00175881   0.000530031
1.54689   0.00175565   0.000527551
1.5581   0.00175249   0.000525068
1.56931   0.00174931   0.000522581
1.58052   0.00174612   0.000520089
1.59173   0.00174291   0.000517595
1.60294   0.00173969   0.000515097
1.61415   0.00173645   0.000512595
1.62536   0.00173321   0.000510091
1.63657   0.00172994   0.000507584
1.64778   0.00172666   0.000505074
1.65899   0.00172337   0.000502562
1.6702   0.00172007   0.000500048
1.68141   0.00171675   0.000497531
1.69262   0.00171343   0.000495013
1.70382   0.00171009   0.000492493
1.71503   0.00170673   0.000489972
1.72624   0.00170341   0.000487449
1.73745   0.00170012   0.000484925
1.74866   0.00169681   0.0004824
1.75987   0.00169349   0.000479874
1.77108   0.00169017   0.000477347
1.78229   0.00168683   0.00047482
1.7935   0.00168348   0.000472292
1.80471   0.00168011   0.000469764
1.81592   0.00167678   0.000467236
1.82713   0.00167351   0.000464708
1.83834   0.00167023   0.00046218
1.84955   0.00166693   0.000459652
1.86076   0.00166363   0.000457125
1.87197   0.00166032   0.000454598
1.88317   0.00165699   0.000452072
1.89438   0.00165366   0.000449547
1.90559   0.00165031   0.000447022
1.9168   0.00164695   0.000444499
1.92801   0.00164358   0.000441978
1.93922   0.0016402   0.000439457
1.95043   0.00163681   0.000436939
1.96164   0.00163341   0.000434422
1.97285   0.00163001   0.000431907
1.98406   0.00162659   0.000429394
1.99527   0.00162316   0.000426883
2.00648   0.00161971   0.000424375
2.01769   0.00161626   0.000421869
2.0289   0.0016128   0.000419365
2.04011   0.00160933   0.000416864
2.05132   0.00160585   0.000414367
2.06252   0.00160236   0.000411872
2.07373   0.00159887   0.00040938
2.08494   0.00159536   0.000406891
2.09615   0.00159184   0.000404406
2.10736   0.00158831   0.000401925
2.11857   0.00158478   0.000399447
2.12978   0.00158123   0.000396972
2.14099   0.00157768   0.000394502
2.1522   0.00157412   0.000392035
2.16341   0.00157055   0.000389573
2.17462   0.00156697   0.000387115
2.18583   0.00156338   0.000384661
2.19704   0.00155979   0.000382211
2.20825   0.00155618   0.000379766
2.21946   0.00155257   0.000377326
2.23067   0.00154895   0.00037489
2.24187   0.00154532   0.00037246
2.25308   0.00154169   0.000370034
2.26429   0.00153804   0.000367613
2.2755   0.00153439   0.000365198
2.28671   0.00153073   0.000362788
2.29792   0.00152706   0.000360383
2.30913   0.00152339   0.000357983
2.32034   0.00151971   0.00035559
2.33155   0.00151601   0.000353202
2.34276   0.00151231   0.000350819
2.35397   0.00150861   0.000348443
2.36518   0.0015049   0.000346072
2.37639   0.00150118   0.000343707
2.3876   0.00149746   0.000341349
2.39881   0.00149372   0.000338996
2.41002   0.00148998   0.00033665
2.42122   0.00148623   0.000334311
2.43243   0.00148248   0.000331977
2.44364   0.00147872   0.00032965
2.45485   0.00147496   0.00032733
2.46606   0.00147135   0.000325017
2.47727   0.00146773   0.000322709
2.48848   0.00146412   0.000320409
2.49969   0.00146049   0.000318115
2.5109   0.00145686   0.000315828
2.52211   0.00145323   0.000313547
2.53332   0.0014496   0.000311273
2.54453   0.00144597   0.000309006
2.55574   0.00144234   0.000306746
2.56695   0.00143871   0.000304494
2.57816   0.00143507   0.000302248
2.58937   0.00143143   0.000300009
2.60057   0.00142778   0.000297777
2.61178   0.00142411   0.000295553
2.62299   0.00142045   0.000293336
2.6342   0.00141677   0.000291126
2.64541   0.0014131   0.000288923
2.65662   0.00140941   0.000286728
2.66783   0.00140573   0.000284541
2.67904   0.00140203   0.000282361
2.69025   0.00139832   0.000280189
2.70146   0.00139461   0.000278024
2.71267   0.0013909   0.000275867
2.72388   0.00138718   0.000273718
2.73509   0.00138345   0.000271577
2.7463   0.00137972   0.000269443
2.75751   0.00137598   0.000267318
2.76872   0.00137223   0.0002652
2.77992   0.00136848   0.000263091
2.79113   0.00136473   0.000260989
2.80234   0.00136097   0.000258896
2.81355   0.0013572   0.00025681
2.82476   0.00135343   0.000254733
2.83597   0.00134965   0.000252664
2.84718   0.00134586   0.000250603
2.85839   0.00134207   0.00024855
2.8696   0.00133828   0.000246506
2.88081   0.00133448   0.00024447
2.89202   0.00133067   0.000242443
2.90323   0.00132685   0.000240424
2.91444   0.00132304   0.000238413
2.92565   0.00131922   0.000236411
2.93686   0.00131539   0.000234417
2.94807   0.00131155   0.000232432
2.95927   0.00130771   0.000230455
2.97048   0.00130387   0.000228487
2.98169   0.00130002   0.000226527
2.9929   0.00129617   0.000224576
3.00411   0.00129235   0.000222634
3.01532   0.00128853   0.0002207
3.02653   0.00128471   0.000218775
3.03774   0.00128088   0.000216859
3.04895   0.00127705   0.000214951
3.06016   0.00127329   0.000213052
3.07137   0.00126957   0.000211162
3.08258   0.00126585   0.00020928
3.09379   0.00126213   0.000207406
3.105   0.0012584   0.000205541
3.11621   0.00125467   0.000203685
3.12741   0.00125092   0.000201837
3.13862   0.00124717   0.000199998
3.14983   0.00124342   0.000198167
3.16104   0.00123966   0.000196346
3.17225   0.0012359   0.000194532
3.18346   0.00123212   0.000192728
3.19467   0.00122834   0.000190932
3.20588   0.00122456   0.000189145
3.21709   0.00122077   0.000187366
3.2283   0.00121698   0.000185597
3.23951   0.00121318   0.000183836
3.25072   0.00120937   0.000182083
3.26193   0.00120556   0.00018034
3.27314   0.00120174   0.000178605
3.28435   0.00119792   0.000176879
3.29556   0.00119409   0.000175162
3.30676   0.00119025   0.000173454
3.31797   0.00118641   0.000171754
3.32918   0.00118257   0.000170063
3.34039   0.00117872   0.000168381
3.3516   0.00117486   0.000166708
3.36281   0.00117099   0.000165043
3.37402   0.00116712   0.000163388
3.38523   0.00116324   0.000161741
3.39644   0.00115936   0.000160103
3.40765   0.00115547   0.000158474
3.41886   0.00115158   0.000156854
3.43007   0.00114768   0.000155242
3.44128   0.00114377   0.00015364
3.45249   0.00113986   0.000152046
3.4637   0.00113594   0.000150461
3.47491   0.00113202   0.000148885
3.48611   0.00112808   0.000147318
3.49732   0.00112415   0.000145759
3.50853   0.00112024   0.000144209
3.51974   0.0011164   0.000142669
3.53095   0.00111256   0.000141136
3.54216   0.00110871   0.000139613
3.55337   0.00110486   0.000138098
3.56458   0.00110103   0.000136591
3.57579   0.00109721   0.000135093
3.587   0.00109339   0.000133604
3.59821   0.00108956   0.000132123
3.60942   0.00108572   0.000130651
3.62063   0.00108188   0.000129188
3.63184   0.00107802   0.000127733
3.64305   0.00107416   0.000126286
3.65426   0.0010703   0.000124848
3.66546   0.00106642   0.000123419
3.67667   0.00106254   0.000121998
3.68788   0.00105865   0.000120585
3.69909   0.00105475   0.000119181
3.7103   0.00105085   0.000117786
3.72151   0.00104693   0.000116399
3.73272   0.00104301   0.000115021
3.74393   0.00103908   0.000113651
3.75514   0.00103514   0.000112289
3.76635   0.00103119   0.000110937
3.77756   0.00102724   0.000109592
3.78877   0.00102327   0.000108256
3.79998   0.0010193   0.000106928
3.81119   0.00101532   0.000105609
3.8224   0.00101133   0.000104299
3.83361   0.00100733   0.000102996
3.84481   0.00100333   0.000101703
3.85602   0.000999314   0.000100417
3.86723   0.000995288   9.91403e-05
3.87844   0.000991254   9.78717e-05
3.88965   0.000987214   9.66115e-05
3.90086   0.000983172   9.53596e-05
3.91207   0.000979128   9.41161e-05
3.92328   0.000975077   9.2881e-05
3.93449   0.000971017   9.16542e-05
3.9457   0.000967057   9.04356e-05
3.95691   0.00096314   8.92251e-05
3.96812   0.000959214   8.80226e-05
3.97933   0.000955278   8.68283e-05
3.99054   0.000951328   8.56419e-05
4.00175   0.000947366   8.44636e-05
4.01296   0.000943395   8.32933e-05
4.02416   0.000939414   8.21311e-05
4.03537   0.000935417   8.09768e-05
4.04658   0.000931409   7.98305e-05
4.05779   0.000927391   7.86923e-05
4.069   0.000923362   7.7562e-05
4.08021   0.000919316   7.64397e-05
4.09142   0.00091526   7.53253e-05
4.10263   0.000911193   7.4219e-05
4.11384   0.000907111   7.31205e-05
4.12505   0.000903014   7.203e-05
4.13626   0.000898907   7.09475e-05
4.14747   0.000894788   6.98728e-05
4.15868   0.00089065   6.88061e-05
4.16989   0.0008865   6.77473e-05
4.1811   0.000882338   6.66964e-05
4.19231   0.00087816   6.56533e-05
4.20351   0.000873966   6.46182e-05
4.21472   0.000869759   6.35909e-05
4.22593   0.000865538   6.25715e-05
4.23714   0.000861297   6.15599e-05
4.24835   0.000857043   6.05562e-05
4.25956   0.000852775   5.95603e-05
4.27077   0.0008486   5.85722e-05
4.28198   0.000844422   5.75917e-05
4.29319   0.000840228   5.66189e-05
4.3044   0.000836085   5.56537e-05
4.31561   0.000831963   5.4696e-05
4.32682   0.000827825   5.37458e-05
4.33803   0.000823667   5.28031e-05
4.34924   0.000819486   5.18678e-05
4.36045   0.000815288   5.09401e-05
4.37166   0.000811071   5.00198e-05
4.38286   0.000806829   4.9107e-05
4.39407   0.000802568   4.82016e-05
4.40528   0.000798287   4.73037e-05
4.41649   0.00079398   4.64133e-05
4.4277   0.000789653   4.55303e-05
4.43891   0.000785304   4.46548e-05
4.45012   0.000780928   4.37867e-05
4.46133   0.000776531   4.29261e-05
4.47254   0.00077211   4.20729e-05
4.48375   0.000767661   4.12272e-05
4.49496   0.00076319   4.03889e-05
4.50617   0.00075869   3.95581e-05
4.51738   0.000754164   3.87347e-05
4.52859   0.000749613   3.79188e-05
4.5398   0.000745031   3.71103e-05
4.55101   0.000740422   3.63093e-05
4.56221   0.000735875   3.55156e-05
4.57342   0.000731507   3.47292e-05
4.58463   0.000727109   3.39499e-05
4.59584   0.000722686   3.31777e-05
4.60705   0.000718236   3.24125e-05
4.61826   0.000713754   3.16545e-05
4.62947   0.000709231   3.09035e-05
4.64068   0.000704674   3.01597e-05
4.65189   0.000700078   2.9423e-05
4.6631   0.000695441   2.86935e-05
4.67431   0.000690768   2.79711e-05
4.68552   0.000686048   2.72558e-05
4.69673   0.000681289   2.65477e-05
4.70794   0.000676483   2.58469e-05
4.71915   0.000671634   2.51532e-05
4.73036   0.000666737   2.44668e-05
4.74156   0.000661792   2.37875e-05
4.75277   0.000656797   2.31156e-05
4.76398   0.000651749   2.24509e-05
4.77519   0.000646691   2.17936e-05
4.7864   0.000641694   2.11434e-05
4.79761   0.000636692   2.05004e-05
4.80882   0.00063184   1.98644e-05
4.82003   0.000626929   1.92354e-05
4.83124   0.000621947   1.86133e-05
4.84245   0.000616899   1.79983e-05
4.85366   0.000611776   1.73903e-05
4.86487   0.000606581   1.67894e-05
4.87608   0.000601306   1.61956e-05
4.88729   0.00059595   1.5609e-05
4.8985   0.000590508   1.50296e-05
4.90971   0.000584977   1.44576e-05
4.92091   0.000579354   1.38929e-05
4.93212   0.000573629   1.33355e-05
4.94333   0.000567803   1.27857e-05
4.95454   0.000561868   1.22433e-05
4.96575   0.000556124   1.17085e-05
4.97696   0.000550377   1.11809e-05
4.98817   0.000544585   1.06606e-05
4.99938   0.000538654   1.01476e-05
5.01059   0.000532578   9.64202e-06
5.0218   0.000526344   9.144e-06
5.03301   0.00051994   8.65363e-06
5.04422   0.000513356   8.17104e-06
5.05543   0.000506579   7.69637e-06
5.06664   0.000499591   7.22976e-06
5.07785   0.000492377   6.77138e-06
5.08906   0.000484973   6.32136e-06
5.10026   0.000477521   5.87978e-06
5.11147   0.00046978   5.4467e-06
5.12268   0.000461709   5.02238e-06
5.13389   0.00045327   4.60708e-06
5.1451   0.000444419   4.20112e-06
5.15631   0.000435104   3.80483e-06
5.16752   0.000425196   3.41862e-06
5.17873   0.000413681   3.04338e-06
5.18994   0.00040115   2.68032e-06
5.20115   0.000387781   2.33011e-06
5.21236   0.000373394   1.99349e-06
5.22357   0.000351101   1.67344e-06
5.23478   0.00032494   1.37686e-06
5.24599   0.000213218   1.12988e-06
5.2572   0.000173183   9.64644e-07
5.26841   0.000149095   8.254e-07
5.27961   0.000129896   7.05245e-07
5.29082   0.000116436   6.00436e-07
5.30203   0.000106545   5.05252e-07
5.31324   9.72586e-05   4.1868e-07
5.32445   8.80427e-05   3.4035e-07
5.33566   7.88448e-05   2.70129e-07
5.34687   6.95434e-05   2.07994e-07
5.35808   5.99781e-05   1.54016e-07
5.36929   5.00036e-05   1.08385e-07
5.3805   3.95926e-05   7.13855e-08
5.39171   2.88478e-05   4.32901e-08
5.40292   1.87191e-05   2.39365e-08
5.41413   1.07296e-05   1.21491e-08
5.42534   5.47184e-06   5.7671e-09
5.43655   2.36175e-06   2.7431e-09
5.44776   7.9683e-07   1.56639e-09
5.45896   5.40861e-07   1.05237e-09
5.47017   3.82529e-07   6.89273e-10
5.48138   2.63715e-07   4.36888e-10
5.49259   1.72402e-07   2.67998e-10
5.5038   1.14065e-07   1.57351e-10
5.51501   6.97573e-08   8.61751e-11
5.52622   4.02282e-08   4.42465e-11
5.53743   2.23853e-08   2.06468e-11
5.54864   1.105e-08   8.20925e-12
5.55985   4.5163e-09   2.53496e-12
5.57106   1.30897e-09   5.2084e-13
5.58227   1.92618e-10   4.10388e-14
5.59348   0   0
