# Output from MakeTOVProfile
# EOS = Tabulated(filename=/Users/mbdeaton/EsOS/LS220_ColdTable-T0.1.dat;)
# rho_c = 0.0011933
# r (iso) = 7.11311
#[1] r (isotropic coords)
#[2] rho (baryon density)
#[3] P
0   0.0011933   0.000167559
0.0142547   0.00119329   0.000167557
0.0285094   0.00119328   0.00016755
0.0427642   0.00119324   0.000167539
0.0570189   0.0011932   0.000167523
0.0712736   0.00119314   0.000167502
0.0855283   0.00119308   0.000167477
0.0997831   0.001193   0.000167447
0.114038   0.0011929   0.000167413
0.128293   0.0011928   0.000167374
0.142547   0.00119268   0.000167331
0.156802   0.00119255   0.000167283
0.171057   0.0011924   0.00016723
0.185311   0.00119225   0.000167173
0.199566   0.00119208   0.000167112
0.213821   0.0011919   0.000167046
0.228076   0.00119171   0.000166975
0.24233   0.0011915   0.0001669
0.256585   0.00119129   0.00016682
0.27084   0.00119106   0.000166736
0.285094   0.00119081   0.000166648
0.299349   0.00119056   0.000166554
0.313604   0.00119029   0.000166457
0.327859   0.00119001   0.000166355
0.342113   0.00118972   0.000166248
0.356368   0.00118942   0.000166137
0.370623   0.0011891   0.000166021
0.384878   0.00118877   0.000165901
0.399132   0.00118843   0.000165777
0.413387   0.00118808   0.000165648
0.427642   0.00118771   0.000165515
0.441896   0.00118733   0.000165377
0.456151   0.00118694   0.000165235
0.470406   0.00118654   0.000165089
0.484661   0.00118612   0.000164938
0.498915   0.0011857   0.000164783
0.51317   0.00118526   0.000164623
0.527425   0.00118481   0.000164459
0.541679   0.00118434   0.000164291
0.555934   0.00118387   0.000164118
0.570189   0.00118338   0.000163942
0.584444   0.00118288   0.00016376
0.598698   0.00118236   0.000163575
0.612953   0.00118184   0.000163385
0.627208   0.0011813   0.000163191
0.641463   0.00118075   0.000162993
0.655717   0.00118019   0.000162791
0.669972   0.00117962   0.000162584
0.684227   0.00117903   0.000162374
0.698481   0.00117844   0.000162159
0.712736   0.00117783   0.00016194
0.726991   0.0011772   0.000161717
0.741246   0.00117657   0.000161489
0.7555   0.00117592   0.000161258
0.769755   0.00117527   0.000161022
0.78401   0.0011746   0.000160783
0.798264   0.00117392   0.000160539
0.812519   0.00117322   0.000160292
0.826774   0.00117252   0.00016004
0.841029   0.0011718   0.000159785
0.855283   0.00117107   0.000159525
0.869538   0.00117033   0.000159261
0.883793   0.00116958   0.000158994
0.898048   0.00116881   0.000158723
0.912302   0.00116804   0.000158447
0.926557   0.00116725   0.000158168
0.940812   0.00116645   0.000157885
0.955066   0.00116563   0.000157599
0.969321   0.00116481   0.000157308
0.983576   0.00116397   0.000157014
0.997831   0.00116313   0.000156715
1.01209   0.00116227   0.000156414
1.02634   0.0011614   0.000156108
1.04059   0.00116051   0.000155799
1.05485   0.00115962   0.000155486
1.0691   0.00115872   0.000155169
1.08336   0.0011578   0.000154849
1.09761   0.00115687   0.000154525
1.11187   0.00115593   0.000154198
1.12612   0.00115498   0.000153867
1.14038   0.00115402   0.000153532
1.15463   0.00115304   0.000153194
1.16889   0.00115205   0.000152853
1.18314   0.00115106   0.000152508
1.1974   0.00115005   0.00015216
1.21165   0.00114903   0.000151808
1.22591   0.001148   0.000151453
1.24016   0.00114696   0.000151094
1.25442   0.0011459   0.000150732
1.26867   0.00114484   0.000150367
1.28293   0.00114376   0.000149999
1.29718   0.00114267   0.000149627
1.31143   0.00114157   0.000149253
1.32569   0.00114046   0.000148875
1.33994   0.00113934   0.000148493
1.3542   0.00113821   0.000148109
1.36845   0.00113706   0.000147722
1.38271   0.00113591   0.000147331
1.39696   0.00113474   0.000146937
1.41122   0.00113357   0.000146541
1.42547   0.00113238   0.000146141
1.43973   0.00113118   0.000145739
1.45398   0.00112997   0.000145333
1.46824   0.00112875   0.000144925
1.48249   0.00112752   0.000144513
1.49675   0.00112628   0.000144099
1.511   0.00112503   0.000143682
1.52526   0.00112376   0.000143262
1.53951   0.00112248   0.00014284
1.55376   0.0011212   0.000142414
1.56802   0.0011199   0.000141986
1.58227   0.00111859   0.000141555
1.59653   0.00111728   0.000141122
1.61078   0.00111595   0.000140686
1.62504   0.00111461   0.000140247
1.63929   0.00111326   0.000139806
1.65355   0.0011119   0.000139362
1.6678   0.00111053   0.000138916
1.68206   0.00110915   0.000138467
1.69631   0.00110775   0.000138016
1.71057   0.00110635   0.000137563
1.72482   0.00110494   0.000137107
1.73908   0.00110352   0.000136648
1.75333   0.00110208   0.000136188
1.76759   0.00110064   0.000135725
1.78184   0.00109918   0.000135259
1.7961   0.00109772   0.000134792
1.81035   0.00109625   0.000134322
1.8246   0.00109476   0.00013385
1.83886   0.00109327   0.000133377
1.85311   0.00109178   0.0001329
1.86737   0.00109028   0.000132422
1.88162   0.00108878   0.000131942
1.89588   0.00108726   0.00013146
1.91013   0.00108573   0.000130975
1.92439   0.0010842   0.000130489
1.93864   0.00108265   0.000130001
1.9529   0.0010811   0.000129511
1.96715   0.00107954   0.000129019
1.98141   0.00107797   0.000128525
1.99566   0.0010764   0.00012803
2.00992   0.00107481   0.000127532
2.02417   0.00107321   0.000127033
2.03843   0.00107161   0.000126532
2.05268   0.00106999   0.00012603
2.06693   0.00106836   0.000125525
2.08119   0.00106673   0.00012502
2.09544   0.00106508   0.000124512
2.1097   0.00106343   0.000124003
2.12395   0.00106177   0.000123492
2.13821   0.00106009   0.00012298
2.15246   0.00105841   0.000122467
2.16672   0.00105672   0.000121952
2.18097   0.00105502   0.000121435
2.19523   0.00105331   0.000120918
2.20948   0.00105159   0.000120398
2.22374   0.00104986   0.000119878
2.23799   0.00104812   0.000119356
2.25225   0.00104637   0.000118833
2.2665   0.00104462   0.000118309
2.28076   0.00104285   0.000117783
2.29501   0.00104108   0.000117256
2.30927   0.0010393   0.000116729
2.32352   0.0010375   0.0001162
2.33777   0.0010357   0.00011567
2.35203   0.00103389   0.000115139
2.36628   0.00103207   0.000114607
2.38054   0.00103024   0.000114074
2.39479   0.00102841   0.00011354
2.40905   0.00102656   0.000113005
2.4233   0.00102471   0.000112469
2.43756   0.00102285   0.000111932
2.45181   0.00102097   0.000111394
2.46607   0.00101909   0.000110856
2.48032   0.0010172   0.000110317
2.49458   0.0010153   0.000109777
2.50883   0.0010134   0.000109236
2.52309   0.00101148   0.000108695
2.53734   0.00100956   0.000108153
2.5516   0.00100763   0.00010761
2.56585   0.00100569   0.000107067
2.5801   0.00100374   0.000106523
2.59436   0.00100178   0.000105979
2.60861   0.000999811   0.000105434
2.62287   0.000997836   0.000104889
2.63712   0.000995854   0.000104343
2.65138   0.000993862   0.000103797
2.66563   0.000991861   0.00010325
2.67989   0.000989852   0.000102703
2.69414   0.000987836   0.000102156
2.7084   0.000985812   0.000101608
2.72265   0.000983778   0.00010106
2.73691   0.000981736   0.000100512
2.75116   0.000979687   9.99633e-05
2.76542   0.00097763   9.94146e-05
2.77967   0.000975565   9.88658e-05
2.79393   0.000973491   9.83168e-05
2.80818   0.000971409   9.77676e-05
2.82244   0.00096932   9.72184e-05
2.83669   0.000967223   9.66691e-05
2.85094   0.00096512   9.61198e-05
2.8652   0.00096301   9.55704e-05
2.87945   0.000960893   9.50211e-05
2.89371   0.000958769   9.44717e-05
2.90796   0.000956655   9.39225e-05
2.92222   0.000954547   9.33733e-05
2.93647   0.000952433   9.28242e-05
2.95073   0.000950312   9.22752e-05
2.96498   0.000948183   9.17264e-05
2.97924   0.000946045   9.11777e-05
2.99349   0.0009439   9.06293e-05
3.00775   0.000941748   9.0081e-05
3.022   0.000939589   8.9533e-05
3.03626   0.000937421   8.89853e-05
3.05051   0.000935246   8.84379e-05
3.06477   0.000933064   8.78908e-05
3.07902   0.000930875   8.7344e-05
3.09327   0.000928676   8.67976e-05
3.10753   0.000926471   8.62516e-05
3.12178   0.000924259   8.5706e-05
3.13604   0.000922041   8.51608e-05
3.15029   0.000919813   8.46162e-05
3.16455   0.000917578   8.4072e-05
3.1788   0.000915337   8.35283e-05
3.19306   0.000913089   8.29852e-05
3.20731   0.000910831   8.24426e-05
3.22157   0.000908568   8.19006e-05
3.23582   0.000906298   8.13592e-05
3.25008   0.00090402   8.08184e-05
3.26433   0.000901734   8.02783e-05
3.27859   0.000899442   7.97389e-05
3.29284   0.000897144   7.92001e-05
3.3071   0.000894837   7.86621e-05
3.32135   0.000892522   7.81248e-05
3.33561   0.000890202   7.75883e-05
3.34986   0.000887875   7.70526e-05
3.36411   0.000885539   7.65177e-05
3.37837   0.000883196   7.59836e-05
3.39262   0.000880848   7.54504e-05
3.40688   0.000878491   7.4918e-05
3.42113   0.000876127   7.43865e-05
3.43539   0.000873757   7.3856e-05
3.44964   0.000871381   7.33263e-05
3.4639   0.000868996   7.27977e-05
3.47815   0.000866605   7.227e-05
3.49241   0.000864207   7.17432e-05
3.50666   0.000861802   7.12176e-05
3.52092   0.00085939   7.06929e-05
3.53517   0.000856972   7.01693e-05
3.54943   0.000854547   6.96468e-05
3.56368   0.000852114   6.91253e-05
3.57794   0.000849675   6.8605e-05
3.59219   0.000847231   6.80858e-05
3.60644   0.000844799   6.75678e-05
3.6207   0.000842364   6.70509e-05
3.63495   0.000839923   6.65352e-05
3.64921   0.000837488   6.60207e-05
3.66346   0.000835055   6.55074e-05
3.67772   0.000832616   6.49952e-05
3.69197   0.00083017   6.44843e-05
3.70623   0.000827716   6.39747e-05
3.72048   0.000825257   6.34663e-05
3.73474   0.000822792   6.29592e-05
3.74899   0.000820318   6.24534e-05
3.76325   0.000817838   6.1949e-05
3.7775   0.000815353   6.14458e-05
3.79176   0.000812859   6.0944e-05
3.80601   0.000810359   6.04436e-05
3.82027   0.000807854   5.99445e-05
3.83452   0.00080534   5.94469e-05
3.84878   0.000802821   5.89507e-05
3.86303   0.000800296   5.84559e-05
3.87728   0.000797762   5.79625e-05
3.89154   0.000795223   5.74706e-05
3.90579   0.000792678   5.69802e-05
3.92005   0.000790124   5.64913e-05
3.9343   0.000787565   5.60039e-05
3.94856   0.000785001   5.5518e-05
3.96281   0.000782427   5.50337e-05
3.97707   0.000779849   5.45509e-05
3.99132   0.000777264   5.40697e-05
4.00558   0.000774672   5.35901e-05
4.01983   0.000772074   5.3112e-05
4.03409   0.00076947   5.26356e-05
4.04834   0.000766858   5.21608e-05
4.0626   0.000764241   5.16877e-05
4.07685   0.000761616   5.12162e-05
4.09111   0.000758984   5.07463e-05
4.10536   0.000756348   5.02782e-05
4.11961   0.000753703   4.98117e-05
4.13387   0.000751052   4.9347e-05
4.14812   0.000748395   4.88839e-05
4.16238   0.000745731   4.84226e-05
4.17663   0.000743061   4.79631e-05
4.19089   0.000740413   4.75053e-05
4.20514   0.000737779   4.70492e-05
4.2194   0.00073514   4.65949e-05
4.23365   0.000732496   4.61423e-05
4.24791   0.000729846   4.56916e-05
4.26216   0.00072719   4.52425e-05
4.27642   0.000724526   4.47953e-05
4.29067   0.000721857   4.43499e-05
4.30493   0.00071918   4.39063e-05
4.31918   0.000716496   4.34646e-05
4.33344   0.000713806   4.30247e-05
4.34769   0.000711108   4.25866e-05
4.36195   0.000708405   4.21504e-05
4.3762   0.000705694   4.1716e-05
4.39045   0.000702976   4.12836e-05
4.40471   0.000700252   4.0853e-05
4.41896   0.00069752   4.04243e-05
4.43322   0.000694783   3.99976e-05
4.44747   0.000692037   3.95728e-05
4.46173   0.000689285   3.91499e-05
4.47598   0.000686526   3.87289e-05
4.49024   0.00068376   3.83099e-05
4.50449   0.000680988   3.78929e-05
4.51875   0.000678207   3.74778e-05
4.533   0.000675421   3.70647e-05
4.54726   0.000672628   3.66537e-05
4.56151   0.000669829   3.62446e-05
4.57577   0.000667023   3.58375e-05
4.59002   0.000664209   3.54324e-05
4.60428   0.000661389   3.50294e-05
4.61853   0.00065856   3.46284e-05
4.63278   0.000655729   3.42294e-05
4.64704   0.000652907   3.38325e-05
4.66129   0.00065008   3.34376e-05
4.67555   0.000647281   3.30448e-05
4.6898   0.000644478   3.2654e-05
4.70406   0.000641666   3.22652e-05
4.71831   0.000638848   3.18785e-05
4.73257   0.000636021   3.14938e-05
4.74682   0.000633187   3.11112e-05
4.76108   0.000630345   3.07307e-05
4.77533   0.000627495   3.03523e-05
4.78959   0.000624638   2.9976e-05
4.80384   0.000621772   2.96017e-05
4.8181   0.000618899   2.92296e-05
4.83235   0.000616018   2.88595e-05
4.84661   0.000613129   2.84916e-05
4.86086   0.000610232   2.81258e-05
4.87512   0.000607327   2.77621e-05
4.88937   0.000604413   2.74006e-05
4.90362   0.000601491   2.70412e-05
4.91788   0.000598561   2.6684e-05
4.93213   0.000595623   2.63289e-05
4.94639   0.000592677   2.5976e-05
4.96064   0.000589722   2.56253e-05
4.9749   0.000586758   2.52767e-05
4.98915   0.000583786   2.49303e-05
5.00341   0.000580806   2.45862e-05
5.01766   0.000577817   2.42442e-05
5.03192   0.000574821   2.39044e-05
5.04617   0.000571868   2.35668e-05
5.06043   0.000568911   2.32313e-05
5.07468   0.000565957   2.28981e-05
5.08894   0.000562995   2.2567e-05
5.10319   0.000560022   2.22381e-05
5.11745   0.00055704   2.19114e-05
5.1317   0.000554049   2.15869e-05
5.14595   0.000551048   2.12646e-05
5.16021   0.000548038   2.09444e-05
5.17446   0.000545016   2.06265e-05
5.18872   0.000541986   2.03108e-05
5.20297   0.000538945   1.99974e-05
5.21723   0.000535893   1.96861e-05
5.23148   0.000532833   1.93771e-05
5.24574   0.00052976   1.90703e-05
5.25999   0.000526678   1.87658e-05
5.27425   0.000523585   1.84635e-05
5.2885   0.000520481   1.81635e-05
5.30276   0.000517366   1.78657e-05
5.31701   0.00051424   1.75702e-05
5.33127   0.000511103   1.72769e-05
5.34552   0.000507957   1.69859e-05
5.35978   0.00050481   1.66972e-05
5.37403   0.00050169   1.64107e-05
5.38829   0.000498584   1.61265e-05
5.40254   0.000495464   1.58445e-05
5.41679   0.000492333   1.55648e-05
5.43105   0.00048919   1.52873e-05
5.4453   0.000486033   1.50121e-05
5.45956   0.000482863   1.47391e-05
5.47381   0.000479681   1.44684e-05
5.48807   0.000476488   1.42e-05
5.50232   0.000473284   1.39338e-05
5.51658   0.000470068   1.367e-05
5.53083   0.000466838   1.34084e-05
5.54509   0.000463593   1.3149e-05
5.55934   0.000460334   1.2892e-05
5.5736   0.000457061   1.26373e-05
5.58785   0.000453774   1.23848e-05
5.60211   0.00045047   1.21347e-05
5.61636   0.000447151   1.18869e-05
5.63062   0.000443839   1.16414e-05
5.64487   0.000440546   1.13982e-05
5.65912   0.000437265   1.11572e-05
5.67338   0.000433966   1.09185e-05
5.68763   0.000430651   1.06822e-05
5.70189   0.000427318   1.04481e-05
5.71614   0.000423968   1.02163e-05
5.7304   0.0004206   9.98676e-06
5.74465   0.000417212   9.75956e-06
5.75891   0.000413806   9.53467e-06
5.77316   0.00041038   9.3121e-06
5.78742   0.000406935   9.09185e-06
5.80167   0.000403469   8.87393e-06
5.81593   0.000399984   8.65834e-06
5.83018   0.000396477   8.44509e-06
5.84444   0.000392949   8.23418e-06
5.85869   0.000389417   8.02563e-06
5.87295   0.000385943   7.8194e-06
5.8872   0.000382455   7.61547e-06
5.90146   0.000379048   7.41383e-06
5.91571   0.000375637   7.21444e-06
5.92996   0.000372201   7.01731e-06
5.94422   0.00036874   6.82245e-06
5.95847   0.000365255   6.62986e-06
5.97273   0.000361743   6.43955e-06
5.98698   0.000358206   6.25152e-06
6.00124   0.00035464   6.06579e-06
6.01549   0.000351047   5.88237e-06
6.02975   0.000347424   5.70126e-06
6.044   0.000343783   5.52246e-06
6.05826   0.000340155   5.34598e-06
6.07251   0.000336522   5.1718e-06
6.08677   0.000332854   4.99992e-06
6.10102   0.000329152   4.83035e-06
6.11528   0.000325413   4.66311e-06
6.12953   0.000321637   4.49821e-06
6.14379   0.000317822   4.33565e-06
6.15804   0.000313967   4.17546e-06
6.17229   0.000310069   4.01764e-06
6.18655   0.000306128   3.86221e-06
6.2008   0.000302143   3.70919e-06
6.21506   0.000298199   3.55855e-06
6.22931   0.000294216   3.4103e-06
6.24357   0.000290181   3.26445e-06
6.25782   0.00028609   3.12102e-06
6.27208   0.000281942   2.98002e-06
6.28633   0.000277733   2.84147e-06
6.30059   0.00027346   2.70541e-06
6.31484   0.00026912   2.57184e-06
6.3291   0.000264728   2.4408e-06
6.34335   0.000260369   2.31227e-06
6.35761   0.000255929   2.18625e-06
6.37186   0.000251404   2.06278e-06
6.38612   0.000246788   1.94189e-06
6.40037   0.000242074   1.82361e-06
6.41463   0.000237256   1.70798e-06
6.42888   0.000232365   1.59504e-06
6.44313   0.000227472   1.48477e-06
6.45739   0.000222451   1.37722e-06
6.47164   0.000217287   1.27242e-06
6.4859   0.000211966   1.17043e-06
6.50015   0.000206474   1.07133e-06
6.51441   0.000200942   9.75156e-07
6.52866   0.000195243   8.81921e-07
6.54292   0.000189304   7.91716e-07
6.55717   0.000183094   7.04646e-07
6.57143   0.000176759   6.20804e-07
6.58568   0.000170192   5.4022e-07
6.59994   0.000163195   4.63046e-07
6.61419   0.000154897   3.89554e-07
6.62845   0.000144826   3.20649e-07
6.6427   0.000134359   2.56716e-07
6.65696   0.000123305   1.97891e-07
6.67121   0.000110583   1.44675e-07
6.68546   9.58091e-05   9.78536e-08
6.69972   7.74168e-05   5.86102e-08
6.71397   5.22869e-05   2.90972e-08
6.72823   2.33703e-05   1.25572e-08
6.74248   7.81832e-06   6.01435e-09
6.75674   3.5176e-06   3.66799e-09
6.77099   1.81973e-06   2.5439e-09
6.78525   1.18053e-06   1.91023e-09
6.7995   8.956e-07   1.46054e-09
6.81376   6.90793e-07   1.11763e-09
6.82801   5.35823e-07   8.5356e-10
6.84227   4.16572e-07   6.4943e-10
6.85652   3.23966e-07   4.9141e-10
6.87078   2.51559e-07   3.69149e-10
6.88503   1.94671e-07   2.74786e-10
6.89929   1.49841e-07   2.02273e-10
6.91354   1.14476e-07   1.46905e-10
6.9278   8.66041e-08   1.0499e-10
6.94205   6.47052e-08   7.36051e-11
6.9563   4.75972e-08   5.04285e-11
6.97056   3.4343e-08   3.36041e-11
6.98481   2.41985e-08   2.16488e-11
6.99907   1.65454e-08   1.33768e-11
7.01332   1.08866e-08   7.84191e-12
7.02758   6.81557e-09   4.29465e-12
7.04183   3.99029e-09   2.14714e-12
7.05609   2.12517e-09   9.44328e-13
7.07034   9.81757e-10   3.42277e-13
7.0846   3.56826e-10   8.94788e-14
7.09885   8.15164e-11   1.18054e-14
7.11311   0   0
