# Output from MakeTOVProfile
# EOS = Tabulated(filename=/Users/mbdeaton/EsOS/GShenFSU21_ColdTable-T0.1-smooth.dat;)
# rho_c = 0.000934887
# r (iso) = 7.75968
#[1] r (isotropic coords)
#[2] rho (baryon density)
#[3] P
0   0.000934887   0.000119843
0.0155505   0.000934883   0.000119841
0.0311009   0.000934869   0.000119837
0.0466514   0.000934847   0.000119829
0.0622019   0.000934816   0.000119819
0.0777523   0.000934777   0.000119805
0.0933028   0.000934728   0.000119789
0.108853   0.000934671   0.00011977
0.124404   0.000934604   0.000119747
0.139954   0.000934529   0.000119722
0.155505   0.000934445   0.000119694
0.171055   0.000934353   0.000119663
0.186606   0.000934251   0.000119629
0.202156   0.000934141   0.000119591
0.217707   0.000934022   0.000119551
0.233257   0.000933894   0.000119508
0.248807   0.000933757   0.000119462
0.264358   0.000933611   0.000119413
0.279908   0.000933457   0.000119361
0.295459   0.000933294   0.000119307
0.311009   0.000933122   0.000119249
0.32656   0.000932941   0.000119188
0.34211   0.000932751   0.000119125
0.357661   0.000932553   0.000119058
0.373211   0.000932346   0.000118989
0.388762   0.00093213   0.000118916
0.404312   0.000931906   0.000118841
0.419863   0.000931672   0.000118763
0.435413   0.00093143   0.000118682
0.450964   0.000931179   0.000118598
0.466514   0.000930919   0.000118511
0.482064   0.000930651   0.000118421
0.497615   0.000930374   0.000118328
0.513165   0.000930088   0.000118233
0.528716   0.000929794   0.000118134
0.544266   0.000929491   0.000118033
0.559817   0.000929179   0.000117929
0.575367   0.000928859   0.000117822
0.590918   0.000928531   0.000117712
0.606468   0.000928195   0.0001176
0.622019   0.00092785   0.000117484
0.637569   0.000927496   0.000117366
0.65312   0.000927133   0.000117245
0.66867   0.000926762   0.000117121
0.684221   0.000926383   0.000116995
0.699771   0.000925994   0.000116865
0.715322   0.000925597   0.000116733
0.730872   0.000925192   0.000116598
0.746422   0.000924778   0.000116461
0.761973   0.000924356   0.00011632
0.777523   0.000923925   0.000116177
0.793074   0.000923485   0.000116031
0.808624   0.000923037   0.000115883
0.824175   0.00092258   0.000115731
0.839725   0.000922115   0.000115577
0.855276   0.000921642   0.000115421
0.870826   0.00092116   0.000115261
0.886377   0.000920671   0.000115099
0.901927   0.000920174   0.000114935
0.917478   0.000919669   0.000114767
0.933028   0.000919155   0.000114597
0.948579   0.000918633   0.000114425
0.964129   0.000918103   0.00011425
0.979679   0.000917564   0.000114072
0.99523   0.000917017   0.000113892
1.01078   0.000916462   0.000113709
1.02633   0.000915898   0.000113524
1.04188   0.000915326   0.000113336
1.05743   0.000914746   0.000113145
1.07298   0.000914157   0.000112952
1.08853   0.00091356   0.000112757
1.10408   0.000912956   0.000112559
1.11963   0.000912345   0.000112358
1.13518   0.000911726   0.000112155
1.15073   0.000911099   0.00011195
1.16629   0.000910464   0.000111742
1.18184   0.00090982   0.000111531
1.19739   0.000909169   0.000111319
1.21294   0.000908509   0.000111104
1.22849   0.000907841   0.000110886
1.24404   0.000907165   0.000110666
1.25959   0.000906481   0.000110444
1.27514   0.00090579   0.000110219
1.29069   0.00090509   0.000109993
1.30624   0.000904385   0.000109763
1.32179   0.000903672   0.000109532
1.33734   0.000902951   0.000109298
1.35289   0.000902222   0.000109062
1.36844   0.000901485   0.000108824
1.38399   0.00090074   0.000108583
1.39954   0.000899988   0.00010834
1.41509   0.000899227   0.000108095
1.43064   0.000898459   0.000107848
1.44619   0.000897683   0.000107599
1.46174   0.0008969   0.000107347
1.47729   0.000896112   0.000107094
1.49284   0.000895315   0.000106838
1.5084   0.000894511   0.00010658
1.52395   0.0008937   0.00010632
1.5395   0.00089288   0.000106058
1.55505   0.000892053   0.000105794
1.5706   0.000891218   0.000105527
1.58615   0.000890376   0.000105259
1.6017   0.000889526   0.000104989
1.61725   0.000888672   0.000104717
1.6328   0.00088781   0.000104442
1.64835   0.000886941   0.000104166
1.6639   0.000886064   0.000103888
1.67945   0.00088518   0.000103608
1.695   0.000884288   0.000103326
1.71055   0.000883389   0.000103042
1.7261   0.000882483   0.000102756
1.74165   0.000881569   0.000102469
1.7572   0.000880652   0.000102179
1.77275   0.000879727   0.000101888
1.7883   0.000878795   0.000101594
1.80385   0.000877855   0.0001013
1.8194   0.000876908   0.000101003
1.83496   0.000875954   0.000100704
1.85051   0.000874993   0.000100404
1.86606   0.000874024   0.000100102
1.88161   0.000873052   9.97984e-05
1.89716   0.000872073   9.94931e-05
1.91271   0.000871087   9.9186e-05
1.92826   0.000870094   9.88773e-05
1.94381   0.000869094   9.8567e-05
1.95936   0.000868086   9.82551e-05
1.97491   0.000867071   9.79415e-05
1.99046   0.000866051   9.76264e-05
2.00601   0.000865027   9.73097e-05
2.02156   0.000863996   9.69914e-05
2.03711   0.000862958   9.66716e-05
2.05266   0.000861913   9.63503e-05
2.06821   0.00086086   9.60276e-05
2.08376   0.000859801   9.57033e-05
2.09931   0.000858736   9.53776e-05
2.11486   0.000857668   9.50504e-05
2.13041   0.000856593   9.47219e-05
2.14596   0.000855511   9.43919e-05
2.16151   0.000854422   9.40605e-05
2.17707   0.000853327   9.37278e-05
2.19262   0.000852225   9.33937e-05
2.20817   0.000851116   9.30583e-05
2.22372   0.000850006   9.27216e-05
2.23927   0.000848889   9.23835e-05
2.25482   0.000847765   9.20442e-05
2.27037   0.000846634   9.17037e-05
2.28592   0.000845496   9.13619e-05
2.30147   0.000844352   9.10189e-05
2.31702   0.000843205   9.06747e-05
2.33257   0.000842053   9.03293e-05
2.34812   0.000840895   8.99827e-05
2.36367   0.00083973   8.9635e-05
2.37922   0.000838558   8.92862e-05
2.39477   0.00083738   8.89362e-05
2.41032   0.000836197   8.85852e-05
2.42587   0.000835012   8.8233e-05
2.44142   0.00083382   8.78799e-05
2.45697   0.000832622   8.75256e-05
2.47252   0.000831417   8.71704e-05
2.48807   0.000830206   8.68142e-05
2.50363   0.00082899   8.64569e-05
2.51918   0.000827772   8.60987e-05
2.53473   0.000826548   8.57396e-05
2.55028   0.000825317   8.53795e-05
2.56583   0.00082408   8.50185e-05
2.58138   0.000822837   8.46567e-05
2.59693   0.00082159   8.42939e-05
2.61248   0.000820341   8.39303e-05
2.62803   0.000819085   8.35658e-05
2.64358   0.000817823   8.32006e-05
2.65913   0.000816555   8.28345e-05
2.67468   0.000815281   8.24676e-05
2.69023   0.000814005   8.21e-05
2.70578   0.000812725   8.17316e-05
2.72133   0.000811439   8.13624e-05
2.73688   0.000810147   8.09926e-05
2.75243   0.000808848   8.0622e-05
2.76798   0.000807545   8.02508e-05
2.78353   0.000806242   7.98789e-05
2.79908   0.000804932   7.95064e-05
2.81463   0.000803616   7.91332e-05
2.83019   0.000802294   7.87594e-05
2.84574   0.000800967   7.83851e-05
2.86129   0.000799639   7.80101e-05
2.87684   0.000798306   7.76346e-05
2.89239   0.000796968   7.72585e-05
2.90794   0.000795624   7.68819e-05
2.92349   0.000794273   7.65049e-05
2.93904   0.000792922   7.61273e-05
2.95459   0.000791567   7.57492e-05
2.97014   0.000790206   7.53707e-05
2.98569   0.00078884   7.49917e-05
3.00124   0.000787468   7.46123e-05
3.01679   0.000786094   7.42325e-05
3.03234   0.000784717   7.38523e-05
3.04789   0.000783335   7.34718e-05
3.06344   0.000781948   7.30908e-05
3.07899   0.000780554   7.27096e-05
3.09454   0.000779159   7.2328e-05
3.11009   0.000777762   7.19461e-05
3.12564   0.000776359   7.15638e-05
3.14119   0.000774951   7.11814e-05
3.15674   0.000773536   7.07986e-05
3.1723   0.000772123   7.04156e-05
3.18785   0.000770705   7.00324e-05
3.2034   0.000769282   6.9649e-05
3.21895   0.000767853   6.92653e-05
3.2345   0.000766419   6.88815e-05
3.25005   0.000764987   6.84975e-05
3.2656   0.00076355   6.81134e-05
3.28115   0.000762107   6.77291e-05
3.2967   0.000760658   6.73447e-05
3.31225   0.000759207   6.69602e-05
3.3278   0.000757756   6.65756e-05
3.34335   0.000756299   6.61909e-05
3.3589   0.000754837   6.58062e-05
3.37445   0.000753369   6.54214e-05
3.39   0.000751903   6.50366e-05
3.40555   0.000750433   6.46517e-05
3.4211   0.000748958   6.42669e-05
3.43665   0.000747476   6.38821e-05
3.4522   0.000745993   6.34973e-05
3.46775   0.00074451   6.31125e-05
3.4833   0.000743022   6.27278e-05
3.49886   0.000741527   6.23432e-05
3.51441   0.000740028   6.19587e-05
3.52996   0.000738532   6.15742e-05
3.54551   0.000737031   6.11899e-05
3.56106   0.000735524   6.08057e-05
3.57661   0.000734012   6.04216e-05
3.59216   0.000732501   6.00377e-05
3.60771   0.000730987   5.96539e-05
3.62326   0.000729468   5.92704e-05
3.63881   0.000727944   5.8887e-05
3.65436   0.000726419   5.85038e-05
3.66991   0.000724893   5.81209e-05
3.68546   0.000723362   5.77382e-05
3.70101   0.000721826   5.73557e-05
3.71656   0.000720287   5.69735e-05
3.73211   0.00071875   5.65916e-05
3.74766   0.000717207   5.621e-05
3.76321   0.000715659   5.58286e-05
3.77876   0.000714109   5.54476e-05
3.79431   0.00071256   5.50669e-05
3.80986   0.000711006   5.46865e-05
3.82542   0.000709446   5.43065e-05
3.84097   0.000707885   5.39268e-05
3.85652   0.000706325   5.35475e-05
3.87207   0.00070476   5.31686e-05
3.88762   0.000703189   5.27901e-05
3.90317   0.000701617   5.2412e-05
3.91872   0.000700046   5.20344e-05
3.93427   0.00069847   5.16571e-05
3.94982   0.000696888   5.12803e-05
3.96537   0.000695307   5.0904e-05
3.98092   0.000693726   5.05281e-05
3.99647   0.000692139   5.01527e-05
4.01202   0.000690546   4.97778e-05
4.02757   0.000688957   4.94034e-05
4.04312   0.000687365   4.90295e-05
4.05867   0.000685768   4.86561e-05
4.07422   0.000684165   4.82832e-05
4.08977   0.000682567   4.79109e-05
4.10532   0.000680965   4.75392e-05
4.12087   0.000679358   4.7168e-05
4.13642   0.000677746   4.67974e-05
4.15197   0.00067614   4.64274e-05
4.16753   0.000674528   4.60579e-05
4.18308   0.00067291   4.56891e-05
4.19863   0.000671293   4.53209e-05
4.21418   0.000669677   4.49534e-05
4.22973   0.000668054   4.45864e-05
4.24528   0.000666426   4.42201e-05
4.26083   0.000664804   4.38545e-05
4.27638   0.000663178   4.34895e-05
4.29193   0.000661545   4.31252e-05
4.30748   0.000659911   4.27616e-05
4.32303   0.00065828   4.23987e-05
4.33858   0.000656643   4.20364e-05
4.35413   0.000655   4.16749e-05
4.36968   0.000653363   4.13141e-05
4.38523   0.000651721   4.09541e-05
4.40078   0.000650074   4.05948e-05
4.41633   0.000648425   4.02362e-05
4.43188   0.000646779   3.98784e-05
4.44743   0.000645127   3.95213e-05
4.46298   0.000643468   3.9165e-05
4.47853   0.000641816   3.88095e-05
4.49409   0.000640159   3.84548e-05
4.50964   0.000638495   3.81009e-05
4.52519   0.000636832   3.77478e-05
4.54074   0.000635168   3.73955e-05
4.55629   0.000633498   3.70441e-05
4.57184   0.000631824   3.66935e-05
4.58739   0.000630154   3.63437e-05
4.60294   0.000628476   3.59947e-05
4.61849   0.000626792   3.56467e-05
4.63404   0.000625112   3.52995e-05
4.64959   0.000623426   3.49531e-05
4.66514   0.000621733   3.46077e-05
4.68069   0.000620041   3.42631e-05
4.69624   0.000618345   3.39194e-05
4.71179   0.000616641   3.35767e-05
4.72734   0.000614935   3.32348e-05
4.74289   0.000613226   3.28939e-05
4.75844   0.00061151   3.25539e-05
4.77399   0.000609789   3.22149e-05
4.78954   0.000608065   3.18768e-05
4.80509   0.000606333   3.15397e-05
4.82064   0.000604596   3.12035e-05
4.8362   0.000602854   3.08683e-05
4.85175   0.000601105   3.05341e-05
4.8673   0.000599348   3.02009e-05
4.88285   0.000597586   2.98687e-05
4.8984   0.000595816   2.95376e-05
4.91395   0.000594038   2.92074e-05
4.9295   0.000592252   2.88783e-05
4.94505   0.000590457   2.85502e-05
4.9606   0.000588654   2.82231e-05
4.97615   0.000586841   2.78972e-05
4.9917   0.00058502   2.75723e-05
5.00725   0.000583187   2.72484e-05
5.0228   0.000581344   2.69257e-05
5.03835   0.000579491   2.66041e-05
5.0539   0.000577625   2.62836e-05
5.06945   0.000575748   2.59642e-05
5.085   0.00057386   2.5646e-05
5.10055   0.000571956   2.53289e-05
5.1161   0.000570041   2.5013e-05
5.13165   0.000568112   2.46982e-05
5.1472   0.000566167   2.43847e-05
5.16276   0.000564212   2.40723e-05
5.17831   0.000562233   2.37611e-05
5.19386   0.000560244   2.34512e-05
5.20941   0.000558237   2.31425e-05
5.22496   0.000556211   2.28351e-05
5.24051   0.000554172   2.25289e-05
5.25606   0.000552106   2.2224e-05
5.27161   0.000550029   2.19204e-05
5.28716   0.000547924   2.16181e-05
5.30271   0.000545803   2.13171e-05
5.31826   0.000543659   2.10175e-05
5.33381   0.000541491   2.07192e-05
5.34936   0.000539303   2.04223e-05
5.36491   0.000537085   2.01268e-05
5.38046   0.000534849   1.98327e-05
5.39601   0.000532577   1.954e-05
5.41156   0.000530288   1.92488e-05
5.42711   0.00052796   1.8959e-05
5.44266   0.000525612   1.86707e-05
5.45821   0.000523224   1.83839e-05
5.47376   0.000520813   1.80986e-05
5.48932   0.000518361   1.78149e-05
5.50487   0.000515881   1.75327e-05
5.52042   0.000513364   1.72521e-05
5.53597   0.00051081   1.69731e-05
5.55152   0.000508228   1.66958e-05
5.56707   0.000505596   1.64201e-05
5.58262   0.000502938   1.61461e-05
5.59817   0.000500235   1.58738e-05
5.61372   0.000497495   1.56032e-05
5.62927   0.000494726   1.53344e-05
5.64482   0.000491907   1.50673e-05
5.66037   0.000489058   1.4802e-05
5.67592   0.000486178   1.45385e-05
5.69147   0.000483254   1.42769e-05
5.70702   0.0004803   1.40171e-05
5.72257   0.000477317   1.37592e-05
5.73812   0.0004743   1.35032e-05
5.75367   0.000471253   1.32492e-05
5.76922   0.000468179   1.2997e-05
5.78477   0.000465081   1.27468e-05
5.80032   0.000461954   1.24985e-05
5.81587   0.000458803   1.22523e-05
5.83143   0.00045563   1.2008e-05
5.84698   0.000452435   1.17657e-05
5.86253   0.000449218   1.15255e-05
5.87808   0.000445978   1.12872e-05
5.89363   0.000442718   1.10511e-05
5.90918   0.000439437   1.08169e-05
5.92473   0.000436136   1.05849e-05
5.94028   0.000432814   1.03549e-05
5.95583   0.00042947   1.0127e-05
5.97138   0.000426106   9.90117e-06
5.98693   0.00042272   9.67748e-06
6.00248   0.000419312   9.45591e-06
6.01803   0.000415882   9.23647e-06
6.03358   0.00041243   9.01917e-06
6.04913   0.000408955   8.80403e-06
6.06468   0.000405457   8.59105e-06
6.08023   0.000401936   8.38025e-06
6.09578   0.000398392   8.17163e-06
6.11133   0.000394823   7.96521e-06
6.12688   0.00039123   7.76101e-06
6.14243   0.000387612   7.55902e-06
6.15799   0.000383969   7.35926e-06
6.17354   0.000380301   7.16174e-06
6.18909   0.000376606   6.96648e-06
6.20464   0.000372884   6.77348e-06
6.22019   0.000369135   6.58276e-06
6.23574   0.000365358   6.39432e-06
6.25129   0.000361552   6.20818e-06
6.26684   0.000357717   6.02436e-06
6.28239   0.00035385   5.84285e-06
6.29794   0.000349952   5.66368e-06
6.31349   0.000346021   5.48686e-06
6.32904   0.000342056   5.31239e-06
6.34459   0.000338056   5.14031e-06
6.36014   0.000334019   4.97061e-06
6.37569   0.000329944   4.80331e-06
6.39124   0.00032583   4.63843e-06
6.40679   0.000321675   4.47598e-06
6.42234   0.000317478   4.31598e-06
6.43789   0.000313236   4.15844e-06
6.45344   0.000308947   4.00338e-06
6.46899   0.000304609   3.85083e-06
6.48454   0.000300221   3.70079e-06
6.5001   0.000295778   3.55329e-06
6.51565   0.000291277   3.40835e-06
6.5312   0.000286716   3.26599e-06
6.54675   0.000282091   3.12623e-06
6.5623   0.000277396   2.98911e-06
6.57785   0.000272627   2.85464e-06
6.5934   0.000267778   2.72286e-06
6.60895   0.000262844   2.5938e-06
6.6245   0.000257818   2.4675e-06
6.64005   0.000252693   2.34398e-06
6.6556   0.000247461   2.2233e-06
6.67115   0.000242111   2.10549e-06
6.6867   0.000236639   1.9906e-06
6.70225   0.000231036   1.87869e-06
6.7178   0.00022529   1.7698e-06
6.73335   0.000219398   1.664e-06
6.7489   0.000213357   1.56134e-06
6.76445   0.00020717   1.46188e-06
6.78   0.000200847   1.36567e-06
6.79555   0.000194408   1.27276e-06
6.8111   0.000187893   1.18317e-06
6.82666   0.000181327   1.09693e-06
6.84221   0.000174677   1.01404e-06
6.85776   0.000167839   9.3454e-07
6.87331   0.000160752   8.58532e-07
6.88886   0.000153533   7.86089e-07
6.90441   0.000146362   7.17207e-07
6.91996   0.00013924   6.51836e-07
6.93551   0.000132106   5.89947e-07
6.95106   0.000124976   5.31526e-07
6.96661   0.0001178   4.76556e-07
6.98216   0.000110346   4.25083e-07
6.99771   0.000102603   3.77239e-07
7.01326   9.54692e-05   3.32939e-07
7.02881   8.87316e-05   2.91869e-07
7.04436   8.16193e-05   2.5403e-07
7.05991   7.43829e-05   2.19532e-07
7.07546   6.7218e-05   1.88352e-07
7.09101   6.01945e-05   1.6041e-07
7.10656   5.32643e-05   1.35656e-07
7.12211   4.72773e-05   1.13807e-07
7.13766   4.14157e-05   9.46098e-08
7.15322   3.54154e-05   7.80415e-08
7.16877   3.03443e-05   6.39779e-08
7.18432   2.5138e-05   5.20812e-08
7.19987   2.08206e-05   4.23727e-08
7.21542   1.85377e-05   3.4085e-08
7.23097   1.64525e-05   2.66887e-08
7.24652   1.37936e-05   2.03431e-08
7.26207   1.13858e-05   1.5099e-08
7.27762   9.03098e-06   1.08493e-08
7.29317   6.87578e-06   7.57376e-09
7.30872   5.04492e-06   5.13032e-09
7.32427   3.46927e-06   3.40292e-09
7.33982   2.40532e-06   2.18851e-09
7.35537   9.0817e-07   1.54242e-09
7.37092   6.23098e-07   1.24973e-09
7.38647   5.25121e-07   1.01957e-09
7.40202   4.42411e-07   8.26169e-10
7.41757   3.70162e-07   6.64526e-10
7.43312   3.07834e-07   5.3029e-10
7.44867   2.54334e-07   4.1951e-10
7.46422   2.04395e-07   3.29357e-10
7.47977   1.66852e-07   2.57041e-10
7.49533   1.35932e-07   1.98216e-10
7.51088   1.09475e-07   1.50753e-10
7.52643   8.65607e-08   1.13028e-10
7.54198   6.7889e-08   8.34872e-11
7.55753   5.27293e-08   6.05052e-11
7.57308   4.02466e-08   4.28762e-11
7.58863   3.00494e-08   2.96179e-11
7.60418   2.18886e-08   1.98777e-11
7.61973   1.55821e-08   1.28898e-11
7.63528   1.07728e-08   8.00044e-12
7.65083   7.13416e-09   4.69881e-12
7.66638   4.45068e-09   2.57882e-12
7.68193   2.61571e-09   1.29713e-12
7.69748   1.40044e-09   5.75132e-13
7.71303   6.50847e-10   2.12777e-13
7.72858   2.44235e-10   5.79259e-14
7.74413   6.14325e-11   8.10946e-15
7.75968   0   0
