# Output from MakeTOVProfile
# EOS = Tabulated(filename=/Users/mbdeaton/EsOS/SFHx_ColdTable-T0.1.dat;)
# rho_c = 0.00110443
# r (iso) = 6.8261
#[1] r (isotropic coords)
#[2] rho (baryon density)
#[3] P
0   0.00110443   0.000137937
0.0136796   0.00110443   0.000137935
0.0273591   0.00110441   0.000137931
0.0410387   0.00110439   0.000137923
0.0547183   0.00110437   0.000137912
0.0683978   0.00110433   0.000137898
0.0820774   0.00110429   0.000137881
0.095757   0.00110424   0.000137861
0.109437   0.00110418   0.000137838
0.123116   0.00110411   0.000137811
0.136796   0.00110404   0.000137782
0.150475   0.00110396   0.00013775
0.164155   0.00110387   0.000137714
0.177834   0.00110377   0.000137675
0.191514   0.00110367   0.000137634
0.205193   0.00110355   0.000137589
0.218873   0.00110343   0.000137541
0.232553   0.0011033   0.00013749
0.246232   0.00110317   0.000137436
0.259912   0.00110302   0.000137379
0.273591   0.00110287   0.000137319
0.287271   0.00110271   0.000137256
0.30095   0.00110254   0.000137189
0.31463   0.00110237   0.00013712
0.32831   0.00110218   0.000137048
0.341989   0.00110199   0.000136972
0.355669   0.0011018   0.000136894
0.369348   0.00110159   0.000136812
0.383028   0.00110137   0.000136728
0.396707   0.00110115   0.00013664
0.410387   0.00110092   0.00013655
0.424067   0.00110068   0.000136456
0.437746   0.00110044   0.00013636
0.451426   0.00110019   0.00013626
0.465105   0.00109992   0.000136157
0.478785   0.00109966   0.000136052
0.492464   0.00109938   0.000135943
0.506144   0.0010991   0.000135832
0.519824   0.0010988   0.000135717
0.533503   0.0010985   0.000135599
0.547183   0.0010982   0.000135479
0.560862   0.00109788   0.000135356
0.574542   0.00109756   0.000135229
0.588221   0.00109723   0.0001351
0.601901   0.00109689   0.000134967
0.61558   0.00109654   0.000134832
0.62926   0.00109619   0.000134694
0.64294   0.00109583   0.000134553
0.656619   0.00109546   0.000134409
0.670299   0.00109508   0.000134262
0.683978   0.0010947   0.000134113
0.697658   0.0010943   0.00013396
0.711337   0.0010939   0.000133804
0.725017   0.0010935   0.000133646
0.738697   0.00109308   0.000133485
0.752376   0.00109266   0.000133321
0.766056   0.00109223   0.000133154
0.779735   0.00109179   0.000132984
0.793415   0.00109134   0.000132812
0.807094   0.00109089   0.000132636
0.820774   0.00109043   0.000132458
0.834454   0.00108996   0.000132277
0.848133   0.00108948   0.000132093
0.861813   0.001089   0.000131907
0.875492   0.0010885   0.000131718
0.889172   0.001088   0.000131526
0.902851   0.0010875   0.000131331
0.916531   0.00108698   0.000131133
0.930211   0.00108646   0.000130933
0.94389   0.00108593   0.00013073
0.95757   0.00108539   0.000130524
0.971249   0.00108484   0.000130316
0.984929   0.00108429   0.000130105
0.998608   0.00108373   0.000129892
1.01229   0.00108316   0.000129675
1.02597   0.00108258   0.000129456
1.03965   0.001082   0.000129235
1.05333   0.00108141   0.000129011
1.06701   0.00108081   0.000128784
1.08069   0.0010802   0.000128554
1.09437   0.00107959   0.000128322
1.10804   0.00107897   0.000128088
1.12172   0.00107834   0.000127851
1.1354   0.0010777   0.000127611
1.14908   0.00107706   0.000127369
1.16276   0.0010764   0.000127124
1.17644   0.00107574   0.000126877
1.19012   0.00107508   0.000126627
1.2038   0.0010744   0.000126375
1.21748   0.00107372   0.000126121
1.23116   0.00107303   0.000125864
1.24484   0.00107233   0.000125604
1.25852   0.00107163   0.000125342
1.2722   0.00107092   0.000125078
1.28588   0.0010702   0.000124811
1.29956   0.00106947   0.000124542
1.31324   0.00106874   0.000124271
1.32692   0.00106799   0.000123997
1.3406   0.00106724   0.000123721
1.35428   0.00106649   0.000123442
1.36796   0.00106572   0.000123161
1.38164   0.00106495   0.000122878
1.39532   0.00106417   0.000122593
1.409   0.00106338   0.000122305
1.42267   0.00106259   0.000122015
1.43635   0.00106179   0.000121723
1.45003   0.00106098   0.000121429
1.46371   0.00106016   0.000121132
1.47739   0.00105934   0.000120834
1.49107   0.0010585   0.000120533
1.50475   0.00105766   0.00012023
1.51843   0.00105682   0.000119924
1.53211   0.00105596   0.000119617
1.54579   0.0010551   0.000119308
1.55947   0.00105423   0.000118996
1.57315   0.00105336   0.000118682
1.58683   0.00105247   0.000118367
1.60051   0.00105158   0.000118049
1.61419   0.00105069   0.000117729
1.62787   0.00104978   0.000117408
1.64155   0.00104887   0.000117084
1.65523   0.00104795   0.000116758
1.66891   0.00104702   0.00011643
1.68259   0.00104608   0.000116101
1.69627   0.00104514   0.000115769
1.70995   0.00104419   0.000115435
1.72363   0.00104323   0.0001151
1.7373   0.00104227   0.000114763
1.75098   0.0010413   0.000114424
1.76466   0.00104032   0.000114083
1.77834   0.00103933   0.00011374
1.79202   0.00103834   0.000113395
1.8057   0.00103734   0.000113049
1.81938   0.00103633   0.0001127
1.83306   0.00103532   0.00011235
1.84674   0.00103429   0.000111999
1.86042   0.00103326   0.000111645
1.8741   0.00103223   0.00011129
1.88778   0.00103118   0.000110933
1.90146   0.00103013   0.000110575
1.91514   0.00102907   0.000110214
1.92882   0.00102801   0.000109853
1.9425   0.00102693   0.000109489
1.95618   0.00102585   0.000109124
1.96986   0.00102477   0.000108757
1.98354   0.00102367   0.000108389
1.99722   0.00102257   0.000108019
2.0109   0.00102146   0.000107648
2.02458   0.00102034   0.000107275
2.03826   0.00101922   0.000106901
2.05193   0.00101809   0.000106525
2.06561   0.00101695   0.000106148
2.07929   0.00101581   0.000105769
2.09297   0.00101465   0.000105389
2.10665   0.00101349   0.000105007
2.12033   0.00101233   0.000104624
2.13401   0.00101115   0.00010424
2.14769   0.00100997   0.000103854
2.16137   0.00100879   0.000103467
2.17505   0.00100759   0.000103079
2.18873   0.00100639   0.000102689
2.20241   0.00100518   0.000102298
2.21609   0.00100396   0.000101906
2.22977   0.00100274   0.000101513
2.24345   0.00100151   0.000101118
2.25713   0.00100027   0.000100722
2.27081   0.000999026   0.000100325
2.28449   0.000997774   9.99272e-05
2.29817   0.000996515   9.95279e-05
2.31185   0.000995248   9.91274e-05
2.32553   0.000993975   9.87258e-05
2.33921   0.000992695   9.83231e-05
2.35289   0.000991408   9.79193e-05
2.36656   0.000990115   9.75145e-05
2.38024   0.000988813   9.71086e-05
2.39392   0.000987504   9.67017e-05
2.4076   0.000986188   9.62938e-05
2.42128   0.000984865   9.58849e-05
2.43496   0.000983536   9.5475e-05
2.44864   0.0009822   9.50642e-05
2.46232   0.000980857   9.46525e-05
2.476   0.000979507   9.42398e-05
2.48968   0.000978151   9.38263e-05
2.50336   0.000976788   9.34118e-05
2.51704   0.000975418   9.29965e-05
2.53072   0.000974041   9.25804e-05
2.5444   0.000972658   9.21635e-05
2.55808   0.000971268   9.17457e-05
2.57176   0.000969919   9.13272e-05
2.58544   0.000968575   9.09078e-05
2.59912   0.000967225   9.04877e-05
2.6128   0.000965868   9.00668e-05
2.62648   0.000964505   8.96452e-05
2.64016   0.000963134   8.92228e-05
2.65384   0.000961758   8.87998e-05
2.66752   0.000960373   8.8376e-05
2.68119   0.000958981   8.79516e-05
2.69487   0.000957583   8.75265e-05
2.70855   0.000956178   8.71008e-05
2.72223   0.000954767   8.66744e-05
2.73591   0.000953349   8.62475e-05
2.74959   0.000951924   8.582e-05
2.76327   0.000950491   8.53919e-05
2.77695   0.000949051   8.49632e-05
2.79063   0.000947605   8.4534e-05
2.80431   0.000946152   8.41043e-05
2.81799   0.000944693   8.36742e-05
2.83167   0.000943227   8.32435e-05
2.84535   0.000941753   8.28123e-05
2.85903   0.000940272   8.23808e-05
2.87271   0.000938784   8.19488e-05
2.88639   0.00093729   8.15163e-05
2.90007   0.000935789   8.10835e-05
2.91375   0.000934281   8.06504e-05
2.92743   0.000932766   8.02168e-05
2.94111   0.000931243   7.97829e-05
2.95479   0.000929714   7.93487e-05
2.96847   0.000928178   7.89142e-05
2.98215   0.000926636   7.84794e-05
2.99583   0.000925087   7.80444e-05
3.0095   0.000923529   7.7609e-05
3.02318   0.000921965   7.71735e-05
3.03686   0.000920394   7.67377e-05
3.05054   0.000918817   7.63017e-05
3.06422   0.000917233   7.58656e-05
3.0779   0.000915641   7.54292e-05
3.09158   0.000914042   7.49927e-05
3.10526   0.000912436   7.45561e-05
3.11894   0.000910823   7.41194e-05
3.13262   0.000909204   7.36825e-05
3.1463   0.000907578   7.32456e-05
3.15998   0.000905944   7.28086e-05
3.17366   0.000904302   7.23716e-05
3.18734   0.000902654   7.19345e-05
3.20102   0.000901   7.14974e-05
3.2147   0.000899338   7.10603e-05
3.22838   0.000897669   7.06233e-05
3.24206   0.000895992   7.01862e-05
3.25574   0.000894308   6.97492e-05
3.26942   0.000892618   6.93123e-05
3.2831   0.000890921   6.88755e-05
3.29678   0.000889216   6.84387e-05
3.31046   0.000887504   6.80021e-05
3.32413   0.000885784   6.75656e-05
3.33781   0.000884058   6.71293e-05
3.35149   0.000882325   6.66931e-05
3.36517   0.000880584   6.62571e-05
3.37885   0.000878835   6.58213e-05
3.39253   0.00087708   6.53857e-05
3.40621   0.000875317   6.49504e-05
3.41989   0.000873548   6.45152e-05
3.43357   0.00087177   6.40804e-05
3.44725   0.000869985   6.36458e-05
3.46093   0.000868193   6.32115e-05
3.47461   0.000866393   6.27776e-05
3.48829   0.000864587   6.23439e-05
3.50197   0.000862772   6.19106e-05
3.51565   0.00086095   6.14776e-05
3.52933   0.000859121   6.1045e-05
3.54301   0.000857285   6.06129e-05
3.55669   0.000855441   6.01811e-05
3.57037   0.000853589   5.97497e-05
3.58405   0.00085173   5.93187e-05
3.59773   0.000849864   5.88882e-05
3.61141   0.00084799   5.84582e-05
3.62509   0.000846171   5.80286e-05
3.63876   0.000844363   5.75995e-05
3.65244   0.000842548   5.71709e-05
3.66612   0.000840726   5.67427e-05
3.6798   0.000838901   5.6315e-05
3.69348   0.000837084   5.58878e-05
3.70716   0.00083526   5.54611e-05
3.72084   0.000833428   5.5035e-05
3.73452   0.000831589   5.46093e-05
3.7482   0.000829741   5.41842e-05
3.76188   0.000827885   5.37597e-05
3.77556   0.000826022   5.33358e-05
3.78924   0.000824151   5.29125e-05
3.80292   0.000822272   5.24897e-05
3.8166   0.000820384   5.20676e-05
3.83028   0.000818488   5.16461e-05
3.84396   0.000816585   5.12253e-05
3.85764   0.000814673   5.08052e-05
3.87132   0.000812753   5.03857e-05
3.885   0.000810825   4.99669e-05
3.89868   0.000808888   4.95488e-05
3.91236   0.000806944   4.91314e-05
3.92604   0.00080499   4.87148e-05
3.93972   0.000803028   4.82989e-05
3.95339   0.000801059   4.78838e-05
3.96707   0.00079908   4.74694e-05
3.98075   0.000797093   4.70559e-05
3.99443   0.000795097   4.66431e-05
4.00811   0.000793093   4.62312e-05
4.02179   0.00079108   4.582e-05
4.03547   0.000789057   4.54098e-05
4.04915   0.000787027   4.50004e-05
4.06283   0.000784988   4.45918e-05
4.07651   0.000782939   4.41841e-05
4.09019   0.000780881   4.37774e-05
4.10387   0.000778815   4.33715e-05
4.11755   0.00077674   4.29666e-05
4.13123   0.000774654   4.25626e-05
4.14491   0.00077256   4.21595e-05
4.15859   0.000770457   4.17575e-05
4.17227   0.000768345   4.13563e-05
4.18595   0.000766222   4.09562e-05
4.19963   0.000764091   4.05571e-05
4.21331   0.000761951   4.0159e-05
4.22699   0.000759799   3.97619e-05
4.24067   0.000757639   3.93659e-05
4.25435   0.000755469   3.89709e-05
4.26802   0.000753289   3.8577e-05
4.2817   0.000751099   3.81842e-05
4.29538   0.0007489   3.77924e-05
4.30906   0.00074669   3.74018e-05
4.32274   0.00074447   3.70123e-05
4.33642   0.00074224   3.66239e-05
4.3501   0.00074   3.62366e-05
4.36378   0.000737828   3.58505e-05
4.37746   0.000735652   3.54655e-05
4.39114   0.000733465   3.50817e-05
4.40482   0.000731314   3.4699e-05
4.4185   0.000729175   3.43174e-05
4.43218   0.000727027   3.39369e-05
4.44586   0.000724867   3.35576e-05
4.45954   0.000722695   3.31794e-05
4.47322   0.000720512   3.28024e-05
4.4869   0.000718319   3.24265e-05
4.50058   0.000716112   3.20519e-05
4.51426   0.000713894   3.16784e-05
4.52794   0.000711665   3.13062e-05
4.54162   0.000709422   3.09351e-05
4.5553   0.000707168   3.05654e-05
4.56898   0.000704903   3.01968e-05
4.58265   0.000702623   2.98296e-05
4.59633   0.000700331   2.94636e-05
4.61001   0.000698028   2.90989e-05
4.62369   0.00069571   2.87355e-05
4.63737   0.00069338   2.83734e-05
4.65105   0.000691037   2.80126e-05
4.66473   0.000688679   2.76532e-05
4.67841   0.000686309   2.72951e-05
4.69209   0.000683925   2.69383e-05
4.70577   0.000681526   2.6583e-05
4.71945   0.000679114   2.6229e-05
4.73313   0.000676687   2.58764e-05
4.74681   0.000674246   2.55253e-05
4.76049   0.000671791   2.51755e-05
4.77417   0.000669319   2.48272e-05
4.78785   0.000666834   2.44804e-05
4.80153   0.000664333   2.4135e-05
4.81521   0.000661816   2.3791e-05
4.82889   0.000659284   2.34486e-05
4.84257   0.000656735   2.31077e-05
4.85625   0.000654171   2.27682e-05
4.86993   0.00065159   2.24303e-05
4.88361   0.000648992   2.2094e-05
4.89728   0.000646378   2.17592e-05
4.91096   0.000643797   2.14259e-05
4.92464   0.000641212   2.10942e-05
4.93832   0.000638666   2.0764e-05
4.952   0.000636198   2.04353e-05
4.96568   0.000633712   2.01081e-05
4.97936   0.000631205   1.97824e-05
4.99304   0.00062868   1.94583e-05
5.00672   0.000626135   1.91356e-05
5.0204   0.00062357   1.88145e-05
5.03408   0.000620985   1.8495e-05
5.04776   0.000618377   1.8177e-05
5.06144   0.000615749   1.78607e-05
5.07512   0.000613098   1.75459e-05
5.0888   0.000610426   1.72327e-05
5.10248   0.000607731   1.69212e-05
5.11616   0.000605012   1.66113e-05
5.12984   0.00060227   1.63031e-05
5.14352   0.000599503   1.59966e-05
5.1572   0.000596712   1.56917e-05
5.17088   0.000593895   1.53886e-05
5.18456   0.000591053   1.50871e-05
5.19824   0.000588184   1.47874e-05
5.21191   0.000585288   1.44895e-05
5.22559   0.000582363   1.41933e-05
5.23927   0.000579411   1.38989e-05
5.25295   0.000576429   1.36063e-05
5.26663   0.000573418   1.33155e-05
5.28031   0.000570376   1.30266e-05
5.29399   0.000567302   1.27395e-05
5.30767   0.000564197   1.24543e-05
5.32135   0.000561066   1.2171e-05
5.33503   0.000557934   1.18896e-05
5.34871   0.000554994   1.161e-05
5.36239   0.000552019   1.13322e-05
5.37607   0.000549005   1.10562e-05
5.38975   0.000545954   1.07821e-05
5.40343   0.000542863   1.05098e-05
5.41711   0.00053973   1.02394e-05
5.43079   0.000536556   9.97095e-06
5.44447   0.000533337   9.70439e-06
5.45815   0.000530073   9.43979e-06
5.47183   0.000526763   9.17715e-06
5.48551   0.000523403   8.91651e-06
5.49919   0.000519993   8.6579e-06
5.51287   0.000516532   8.40133e-06
5.52654   0.000513015   8.14684e-06
5.54022   0.000509441   7.89445e-06
5.5539   0.00050581   7.64419e-06
5.56758   0.000502117   7.39609e-06
5.58126   0.000498359   7.15019e-06
5.59494   0.000494535   6.90651e-06
5.60862   0.000490642   6.66508e-06
5.6223   0.000486696   6.42595e-06
5.63598   0.000482775   6.1891e-06
5.64966   0.000478806   5.95454e-06
5.66334   0.000474754   5.7223e-06
5.67702   0.000470613   5.49242e-06
5.6907   0.000466379   5.26494e-06
5.70438   0.000462046   5.0399e-06
5.71806   0.000457608   4.81737e-06
5.73174   0.000453059   4.59738e-06
5.74542   0.000448392   4.38e-06
5.7591   0.000443599   4.16527e-06
5.77278   0.000438672   3.95326e-06
5.78646   0.000433601   3.74403e-06
5.80014   0.000428374   3.53765e-06
5.81382   0.000422821   3.33422e-06
5.8275   0.000416619   3.13398e-06
5.84117   0.000410126   2.93717e-06
5.85485   0.000403421   2.74387e-06
5.86853   0.000396484   2.5542e-06
5.88221   0.000389296   2.36826e-06
5.89589   0.000381829   2.18618e-06
5.90957   0.000374057   2.00807e-06
5.92325   0.00036415   1.83427e-06
5.93693   0.000350505   1.66664e-06
5.95061   0.000336611   1.50585e-06
5.96429   0.000322403   1.352e-06
5.97797   0.000282586   1.21082e-06
5.99165   0.000204596   1.1022e-06
6.00533   0.000181522   1.01337e-06
6.01901   0.000167686   9.32915e-07
6.03269   0.000154703   8.58895e-07
6.04637   0.000143604   7.90737e-07
6.06005   0.000133558   7.27547e-07
6.07373   0.000123887   6.69136e-07
6.08741   0.000117818   6.14635e-07
6.10109   0.000112612   5.62747e-07
6.11477   0.000107413   5.13403e-07
6.12845   0.000102473   4.66538e-07
6.14213   9.76181e-05   4.22032e-07
6.1558   9.27683e-05   3.79859e-07
6.16948   8.79804e-05   3.39989e-07
6.18316   8.31948e-05   3.02388e-07
6.19684   7.83911e-05   2.67041e-07
6.21052   7.35662e-05   2.33943e-07
6.2242   6.87082e-05   2.03082e-07
6.23788   6.37759e-05   1.74472e-07
6.25156   5.87691e-05   1.48113e-07
6.26524   5.36867e-05   1.24039e-07
6.27892   4.84409e-05   1.02269e-07
6.2926   4.30928e-05   8.28343e-08
6.30628   3.76428e-05   6.57689e-08
6.31996   3.21402e-05   5.10875e-08
6.33364   2.67147e-05   3.877e-08
6.34732   2.14944e-05   2.87318e-08
6.361   1.67133e-05   2.08262e-08
6.37468   1.2624e-05   1.47893e-08
6.38836   9.26539e-06   1.03159e-08
6.40204   6.59923e-06   7.09262e-09
6.41572   4.5418e-06   4.84097e-09
6.4294   2.98667e-06   3.33248e-09
6.44308   1.8733e-06   2.36487e-09
6.45676   1.09912e-06   1.77789e-09
6.47043   7.2851e-07   1.42484e-09
6.48411   5.88695e-07   1.16584e-09
6.49779   4.97785e-07   9.51124e-10
6.51147   4.18806e-07   7.70811e-10
6.52515   3.50292e-07   6.20254e-10
6.53883   2.91367e-07   4.95238e-10
6.55251   2.40633e-07   3.92062e-10
6.56619   1.92269e-07   3.08864e-10
6.57987   1.58607e-07   2.41445e-10
6.59355   1.29687e-07   1.8631e-10
6.60723   1.04932e-07   1.41656e-10
6.62091   8.38864e-08   1.05892e-10
6.63459   6.44433e-08   7.79303e-11
6.64827   4.98275e-08   5.65093e-11
6.66195   3.74569e-08   4.0266e-11
6.67563   2.83322e-08   2.80489e-11
6.68931   2.09448e-08   1.89459e-11
6.70299   1.50606e-08   1.23308e-11
6.71667   1.04674e-08   7.66789e-12
6.73035   6.97106e-09   4.50258e-12
6.74403   4.35476e-09   2.45686e-12
6.75771   2.51058e-09   1.23663e-12
6.77139   1.35606e-09   5.52935e-13
6.78506   6.37924e-10   2.04974e-13
6.79874   2.38861e-10   5.58553e-14
6.81242   6.01383e-11   7.81963e-15
6.8261   0   0
