# Output from MakeTOVProfile
# EOS = Tabulated(filename=/Users/mbdeaton/EsOS/SFHo_ColdTable-T0.1.dat;)
# rho_c = 0.00120776
# r (iso) = 6.85048
#[1] r (isotropic coords)
#[2] rho (baryon density)
#[3] P
0   0.00120776   0.000154838
0.0137284   0.00120775   0.000154836
0.0274568   0.00120774   0.00015483
0.0411853   0.00120771   0.00015482
0.0549137   0.00120768   0.000154806
0.0686421   0.00120763   0.000154789
0.0823705   0.00120758   0.000154767
0.0960989   0.00120751   0.000154742
0.109827   0.00120744   0.000154713
0.123556   0.00120735   0.00015468
0.137284   0.00120725   0.000154643
0.151013   0.00120715   0.000154602
0.164741   0.00120703   0.000154557
0.178469   0.0012069   0.000154508
0.192198   0.00120677   0.000154456
0.205926   0.00120662   0.000154399
0.219655   0.00120646   0.000154339
0.233383   0.0012063   0.000154275
0.247112   0.00120612   0.000154207
0.26084   0.00120593   0.000154135
0.274568   0.00120574   0.000154059
0.288297   0.00120553   0.000153979
0.302025   0.00120531   0.000153896
0.315754   0.00120508   0.000153809
0.329482   0.00120484   0.000153717
0.343211   0.0012046   0.000153623
0.356939   0.00120434   0.000153524
0.370667   0.00120407   0.000153421
0.384396   0.00120379   0.000153315
0.398124   0.0012035   0.000153205
0.411853   0.00120321   0.000153091
0.425581   0.0012029   0.000152973
0.439309   0.00120258   0.000152851
0.453038   0.00120225   0.000152726
0.466766   0.00120191   0.000152597
0.480495   0.00120156   0.000152464
0.494223   0.0012012   0.000152327
0.507952   0.00120084   0.000152187
0.52168   0.00120046   0.000152043
0.535408   0.00120007   0.000151895
0.549137   0.00119967   0.000151744
0.562865   0.00119926   0.000151588
0.576594   0.00119884   0.000151429
0.590322   0.00119841   0.000151267
0.604051   0.00119798   0.000151101
0.617779   0.00119753   0.000150931
0.631507   0.00119707   0.000150757
0.645236   0.0011966   0.00015058
0.658964   0.00119612   0.000150399
0.672693   0.00119563   0.000150215
0.686421   0.00119513   0.000150027
0.700149   0.00119463   0.000149835
0.713878   0.00119411   0.00014964
0.727606   0.00119358   0.000149441
0.741335   0.00119304   0.000149239
0.755063   0.00119249   0.000149033
0.768792   0.00119193   0.000148824
0.78252   0.00119137   0.000148611
0.796248   0.00119079   0.000148394
0.809977   0.0011902   0.000148174
0.823705   0.0011896   0.000147951
0.837434   0.001189   0.000147724
0.851162   0.00118838   0.000147494
0.864891   0.00118775   0.00014726
0.878619   0.00118711   0.000147023
0.892347   0.00118647   0.000146783
0.906076   0.00118581   0.000146539
0.919804   0.00118514   0.000146292
0.933533   0.00118447   0.000146041
0.947261   0.00118378   0.000145787
0.960989   0.00118309   0.00014553
0.974718   0.00118238   0.000145269
0.988446   0.00118167   0.000145006
1.00217   0.00118094   0.000144738
1.0159   0.0011802   0.000144468
1.02963   0.00117946   0.000144194
1.04336   0.00117871   0.000143918
1.05709   0.00117794   0.000143638
1.07082   0.00117717   0.000143354
1.08455   0.00117638   0.000143068
1.09827   0.00117559   0.000142778
1.112   0.00117479   0.000142486
1.12573   0.00117398   0.00014219
1.13946   0.00117315   0.000141891
1.15319   0.00117232   0.000141589
1.16692   0.00117148   0.000141284
1.18064   0.00117063   0.000140976
1.19437   0.00116977   0.000140665
1.2081   0.0011689   0.000140351
1.22183   0.00116802   0.000140034
1.23556   0.00116713   0.000139714
1.24929   0.00116623   0.000139391
1.26301   0.00116532   0.000139065
1.27674   0.0011644   0.000138736
1.29047   0.00116348   0.000138404
1.3042   0.00116254   0.00013807
1.31793   0.00116159   0.000137732
1.33166   0.00116064   0.000137392
1.34539   0.00115967   0.000137049
1.35911   0.00115869   0.000136703
1.37284   0.00115771   0.000136355
1.38657   0.00115672   0.000136003
1.4003   0.00115571   0.000135649
1.41403   0.0011547   0.000135293
1.42776   0.00115368   0.000134933
1.44148   0.00115265   0.000134571
1.45521   0.00115161   0.000134206
1.46894   0.00115055   0.000133839
1.48267   0.00114949   0.000133469
1.4964   0.00114843   0.000133097
1.51013   0.00114735   0.000132722
1.52385   0.00114626   0.000132344
1.53758   0.00114516   0.000131964
1.55131   0.00114406   0.000131581
1.56504   0.00114294   0.000131196
1.57877   0.00114182   0.000130809
1.5925   0.00114068   0.000130419
1.60623   0.00113954   0.000130027
1.61995   0.00113839   0.000129632
1.63368   0.00113722   0.000129235
1.64741   0.00113605   0.000128836
1.66114   0.00113487   0.000128434
1.67487   0.00113368   0.000128031
1.6886   0.00113249   0.000127624
1.70232   0.00113128   0.000127216
1.71605   0.00113006   0.000126806
1.72978   0.00112883   0.000126393
1.74351   0.0011276   0.000125978
1.75724   0.00112635   0.000125561
1.77097   0.0011251   0.000125142
1.78469   0.00112384   0.000124721
1.79842   0.00112257   0.000124297
1.81215   0.00112129   0.000123872
1.82588   0.00112002   0.000123445
1.83961   0.00111874   0.000123015
1.85334   0.00111744   0.000122584
1.86707   0.00111614   0.000122151
1.88079   0.00111483   0.000121715
1.89452   0.00111352   0.000121278
1.90825   0.00111219   0.000120839
1.92198   0.00111086   0.000120398
1.93571   0.00110953   0.000119956
1.94944   0.00110818   0.000119511
1.96316   0.00110683   0.000119065
1.97689   0.00110547   0.000118617
1.99062   0.0011041   0.000118167
2.00435   0.00110272   0.000117715
2.01808   0.00110133   0.000117262
2.03181   0.00109993   0.000116807
2.04553   0.00109853   0.000116351
2.05926   0.00109711   0.000115892
2.07299   0.00109569   0.000115433
2.08672   0.00109426   0.000114971
2.10045   0.00109282   0.000114508
2.11418   0.00109137   0.000114044
2.12791   0.00108991   0.000113578
2.14163   0.00108845   0.000113111
2.15536   0.00108697   0.000112642
2.16909   0.00108549   0.000112172
2.18282   0.001084   0.0001117
2.19655   0.0010825   0.000111227
2.21028   0.00108099   0.000110753
2.224   0.00107947   0.000110277
2.23773   0.00107794   0.0001098
2.25146   0.00107641   0.000109322
2.26519   0.00107487   0.000108842
2.27892   0.00107331   0.000108361
2.29265   0.00107175   0.000107879
2.30637   0.00107018   0.000107396
2.3201   0.00106861   0.000106912
2.33383   0.00106702   0.000106426
2.34756   0.00106543   0.00010594
2.36129   0.00106382   0.000105452
2.37502   0.00106221   0.000104963
2.38875   0.00106059   0.000104474
2.40247   0.00105896   0.000103983
2.4162   0.00105732   0.000103491
2.42993   0.00105568   0.000102998
2.44366   0.00105402   0.000102505
2.45739   0.00105236   0.00010201
2.47112   0.00105069   0.000101515
2.48484   0.00104901   0.000101018
2.49857   0.00104732   0.000100521
2.5123   0.00104563   0.000100023
2.52603   0.00104392   9.95246e-05
2.53976   0.00104221   9.90251e-05
2.55349   0.00104049   9.85248e-05
2.56721   0.00103876   9.80238e-05
2.58094   0.00103702   9.75222e-05
2.59467   0.00103527   9.70198e-05
2.6084   0.00103352   9.65169e-05
2.62213   0.00103175   9.60133e-05
2.63586   0.00102998   9.55091e-05
2.64959   0.0010282   9.50043e-05
2.66331   0.00102642   9.4499e-05
2.67704   0.00102462   9.39931e-05
2.69077   0.00102281   9.34867e-05
2.7045   0.001021   9.29799e-05
2.71823   0.00101918   9.24726e-05
2.73196   0.00101735   9.19649e-05
2.74568   0.00101551   9.14568e-05
2.75941   0.00101366   9.09483e-05
2.77314   0.00101181   9.04394e-05
2.78687   0.00100995   8.99302e-05
2.8006   0.00100808   8.94207e-05
2.81433   0.0010062   8.89108e-05
2.82805   0.00100431   8.84008e-05
2.84178   0.00100241   8.78904e-05
2.85551   0.00100051   8.73799e-05
2.86924   0.000998596   8.68691e-05
2.88297   0.000996675   8.63582e-05
2.8967   0.000994746   8.58471e-05
2.91043   0.000992808   8.53359e-05
2.92415   0.000990863   8.48246e-05
2.93788   0.000988909   8.43132e-05
2.95161   0.000986946   8.38017e-05
2.96534   0.000984976   8.32902e-05
2.97907   0.000982997   8.27787e-05
2.9928   0.000981011   8.22672e-05
3.00652   0.000979017   8.17557e-05
3.02025   0.000977015   8.12442e-05
3.03398   0.000975005   8.07329e-05
3.04771   0.000972989   8.02216e-05
3.06144   0.000970998   7.97104e-05
3.07517   0.000968999   7.91994e-05
3.08889   0.000966992   7.86884e-05
3.10262   0.000964977   7.81776e-05
3.11635   0.000962953   7.7667e-05
3.13008   0.000960921   7.71566e-05
3.14381   0.000958881   7.66464e-05
3.15754   0.000956832   7.61365e-05
3.17127   0.000954776   7.56268e-05
3.18499   0.00095271   7.51174e-05
3.19872   0.000950637   7.46083e-05
3.21245   0.000948555   7.40995e-05
3.22618   0.000946465   7.3591e-05
3.23991   0.000944366   7.30829e-05
3.25364   0.000942259   7.25752e-05
3.26736   0.000940145   7.2068e-05
3.28109   0.000938021   7.15611e-05
3.29482   0.000935889   7.10547e-05
3.30855   0.000933749   7.05487e-05
3.32228   0.000931601   7.00433e-05
3.33601   0.000929444   6.95383e-05
3.34973   0.000927278   6.90339e-05
3.36346   0.000925104   6.853e-05
3.37719   0.000922923   6.80267e-05
3.39092   0.000920732   6.75239e-05
3.40465   0.000918532   6.70218e-05
3.41838   0.000916325   6.65203e-05
3.43211   0.000914109   6.60194e-05
3.44583   0.000911884   6.55192e-05
3.45956   0.000909651   6.50197e-05
3.47329   0.00090741   6.45209e-05
3.48702   0.00090516   6.40228e-05
3.50075   0.000902901   6.35255e-05
3.51448   0.000900634   6.30289e-05
3.5282   0.000898359   6.25331e-05
3.54193   0.000896074   6.20381e-05
3.55566   0.00089378   6.15439e-05
3.56939   0.000891479   6.10506e-05
3.58312   0.000889169   6.05581e-05
3.59685   0.000886849   6.00665e-05
3.61057   0.000884522   5.95757e-05
3.6243   0.000882186   5.90859e-05
3.63803   0.00087984   5.8597e-05
3.65176   0.000877486   5.8109e-05
3.66549   0.000875124   5.76221e-05
3.67922   0.000872752   5.7136e-05
3.69295   0.000870372   5.6651e-05
3.70667   0.000867983   5.6167e-05
3.7204   0.000865585   5.56841e-05
3.73413   0.000863177   5.52022e-05
3.74786   0.000860762   5.47213e-05
3.76159   0.000858337   5.42416e-05
3.77532   0.000855903   5.37629e-05
3.78904   0.00085346   5.32854e-05
3.80277   0.000851011   5.2809e-05
3.8165   0.000848559   5.23338e-05
3.83023   0.000846099   5.18597e-05
3.84396   0.000843632   5.13868e-05
3.85769   0.000841164   5.09151e-05
3.87141   0.000838687   5.04446e-05
3.88514   0.000836201   4.99753e-05
3.89887   0.000833705   4.95072e-05
3.9126   0.0008312   4.90404e-05
3.92633   0.000828686   4.85748e-05
3.94006   0.000826161   4.81106e-05
3.95379   0.000823628   4.76476e-05
3.96751   0.000821085   4.71859e-05
3.98124   0.000818531   4.67256e-05
3.99497   0.000815969   4.62666e-05
4.0087   0.000813397   4.5809e-05
4.02243   0.000810814   4.53527e-05
4.03616   0.000808223   4.48979e-05
4.04988   0.00080562   4.44444e-05
4.06361   0.000803009   4.39924e-05
4.07734   0.000800388   4.35418e-05
4.09107   0.000797755   4.30927e-05
4.1048   0.000795113   4.2645e-05
4.11853   0.000792461   4.21988e-05
4.13225   0.000789799   4.17542e-05
4.14598   0.000787127   4.1311e-05
4.15971   0.000784443   4.08693e-05
4.17344   0.00078175   4.04292e-05
4.18717   0.000779047   3.99907e-05
4.2009   0.000776332   3.95537e-05
4.21463   0.000773608   3.91183e-05
4.22835   0.000770872   3.86845e-05
4.24208   0.000768126   3.82524e-05
4.25581   0.000765369   3.78218e-05
4.26954   0.000762601   3.73929e-05
4.28327   0.000759822   3.69656e-05
4.297   0.000757032   3.65401e-05
4.31072   0.000754231   3.61162e-05
4.32445   0.00075142   3.5694e-05
4.33818   0.000748596   3.52735e-05
4.35191   0.000745762   3.48547e-05
4.36564   0.000742915   3.44377e-05
4.37937   0.000740058   3.40224e-05
4.39309   0.00073717   3.36089e-05
4.40682   0.00073426   3.31972e-05
4.42055   0.000731336   3.27873e-05
4.43428   0.000728398   3.23792e-05
4.44801   0.000725448   3.19729e-05
4.46174   0.000722485   3.15684e-05
4.47547   0.000719512   3.11659e-05
4.48919   0.000716524   3.07652e-05
4.50292   0.000713526   3.03663e-05
4.51665   0.000710514   2.99694e-05
4.53038   0.000707491   2.95743e-05
4.54411   0.000704454   2.91812e-05
4.55784   0.000701404   2.879e-05
4.57156   0.000698342   2.84008e-05
4.58529   0.000695266   2.80135e-05
4.59902   0.000692178   2.76282e-05
4.61275   0.000689076   2.72449e-05
4.62648   0.00068596   2.68635e-05
4.64021   0.000682832   2.64842e-05
4.65393   0.000679689   2.61069e-05
4.66766   0.000676533   2.57316e-05
4.68139   0.000673362   2.53583e-05
4.69512   0.000670178   2.49871e-05
4.70885   0.000666978   2.4618e-05
4.72258   0.000663765   2.4251e-05
4.73631   0.000660537   2.3886e-05
4.75003   0.000657294   2.35232e-05
4.76376   0.000654036   2.31624e-05
4.77749   0.000650763   2.28038e-05
4.79122   0.000647475   2.24474e-05
4.80495   0.00064414   2.20931e-05
4.81868   0.000640773   2.17409e-05
4.8324   0.0006373   2.1391e-05
4.84613   0.000633812   2.10434e-05
4.85986   0.000630308   2.0698e-05
4.87359   0.000626788   2.03549e-05
4.88732   0.000623252   2.0014e-05
4.90105   0.0006197   1.96755e-05
4.91477   0.000616131   1.93393e-05
4.9285   0.000612546   1.90054e-05
4.94223   0.000608944   1.86738e-05
4.95596   0.000605325   1.83446e-05
4.96969   0.000601688   1.80177e-05
4.98342   0.000598034   1.76932e-05
4.99715   0.000594361   1.73711e-05
5.01087   0.000590671   1.70513e-05
5.0246   0.000586963   1.6734e-05
5.03833   0.000583235   1.6419e-05
5.05206   0.000579489   1.61065e-05
5.06579   0.000575724   1.57965e-05
5.07952   0.000571938   1.54888e-05
5.09324   0.000568133   1.51837e-05
5.10697   0.000564308   1.4881e-05
5.1207   0.00056043   1.45807e-05
5.13443   0.000556374   1.4283e-05
5.14816   0.000552219   1.3988e-05
5.16189   0.000548041   1.36956e-05
5.17561   0.000543842   1.34058e-05
5.18934   0.000539624   1.31187e-05
5.20307   0.000535385   1.28343e-05
5.2168   0.000531125   1.25526e-05
5.23053   0.000526844   1.22736e-05
5.24426   0.000522542   1.19973e-05
5.25799   0.000518217   1.17237e-05
5.27171   0.000513871   1.14528e-05
5.28544   0.000509501   1.11847e-05
5.29917   0.000505109   1.09193e-05
5.3129   0.000500692   1.06567e-05
5.32663   0.000496252   1.03969e-05
5.34036   0.000491788   1.01398e-05
5.35408   0.000487258   9.88555e-06
5.36781   0.000482391   9.63418e-06
5.38154   0.000477468   9.38582e-06
5.39527   0.000472522   9.14047e-06
5.409   0.000467554   8.89814e-06
5.42273   0.000462562   8.65884e-06
5.43645   0.000457546   8.42258e-06
5.45018   0.000452506   8.18937e-06
5.46391   0.000447441   7.95921e-06
5.47764   0.000442351   7.73211e-06
5.49137   0.000437235   7.50808e-06
5.5051   0.000432093   7.28713e-06
5.51883   0.000426924   7.06926e-06
5.53255   0.000421525   6.85453e-06
5.54628   0.000415909   6.64306e-06
5.56001   0.00041027   6.4349e-06
5.57374   0.000404608   6.23004e-06
5.58747   0.000398922   6.02849e-06
5.6012   0.000393209   5.83026e-06
5.61492   0.00038747   5.63535e-06
5.62865   0.000381707   5.44377e-06
5.64238   0.00037592   5.25552e-06
5.65611   0.000370107   5.07061e-06
5.66984   0.000364032   4.88909e-06
5.68357   0.000357913   4.71103e-06
5.69729   0.000351773   4.53644e-06
5.71102   0.000345611   4.36531e-06
5.72475   0.000339428   4.19765e-06
5.73848   0.000333222   4.03346e-06
5.75221   0.000326994   3.87273e-06
5.76594   0.000320735   3.71548e-06
5.77967   0.000314421   3.5617e-06
5.79339   0.000308085   3.4114e-06
5.80712   0.000301727   3.26458e-06
5.82085   0.000295347   3.12123e-06
5.83458   0.000288946   2.98137e-06
5.84831   0.00028254   2.84496e-06
5.86204   0.000276214   2.712e-06
5.87576   0.00026992   2.58243e-06
5.88949   0.000263602   2.45623e-06
5.90322   0.000257258   2.3334e-06
5.91695   0.000250887   2.21394e-06
5.93068   0.000244502   2.09785e-06
5.94441   0.000238318   1.98507e-06
5.95813   0.000232133   1.87553e-06
5.97186   0.000225911   1.76922e-06
5.98559   0.000219653   1.66615e-06
5.99932   0.000213388   1.56631e-06
6.01305   0.000207376   1.46963e-06
6.02678   0.000201359   1.37603e-06
6.04051   0.000195294   1.2855e-06
6.05423   0.000189176   1.19805e-06
6.06796   0.000183098   1.11369e-06
6.08169   0.000177153   1.03233e-06
6.09542   0.000171139   9.53953e-07
6.10915   0.000165054   8.78567e-07
6.12288   0.000158982   8.06184e-07
6.1366   0.000153011   7.36739e-07
6.15033   0.00014702   6.702e-07
6.16406   0.00014093   6.06577e-07
6.17779   0.000134479   5.45953e-07
6.19152   0.000128042   4.88393e-07
6.20525   0.000121512   4.3386e-07
6.21897   0.000113492   3.82736e-07
6.2327   0.000105824   3.35247e-07
6.24643   9.97482e-05   2.90871e-07
6.26016   9.35556e-05   2.4931e-07
6.27389   8.698e-05   2.10645e-07
6.28762   8.02072e-05   1.74986e-07
6.30135   7.29347e-05   1.42464e-07
6.31507   6.52236e-05   1.13222e-07
6.3288   5.69636e-05   8.74598e-08
6.34253   4.80917e-05   6.54068e-08
6.35626   3.8691e-05   4.72756e-08
6.36999   2.92163e-05   3.31671e-08
6.38372   2.09689e-05   2.28516e-08
6.39744   1.46486e-05   1.55814e-08
6.41117   1.01321e-05   1.05511e-08
6.4249   6.93378e-06   7.10501e-09
6.43863   4.62307e-06   4.78311e-09
6.45236   2.97324e-06   3.26817e-09
6.46609   1.83276e-06   2.31577e-09
6.47981   1.06492e-06   1.74743e-09
6.49354   7.16479e-07   1.40492e-09
6.50727   5.82225e-07   1.15036e-09
6.521   4.92376e-07   9.38587e-10
6.53473   4.14291e-07   7.60729e-10
6.54846   3.46563e-07   6.12208e-10
6.56219   2.883e-07   4.88866e-10
6.57591   2.38093e-07   3.87063e-10
6.58964   1.90414e-07   3.05077e-10
6.60337   1.57096e-07   2.38493e-10
6.6171   1.28459e-07   1.84037e-10
6.63083   1.03944e-07   1.39929e-10
6.64456   8.31004e-08   1.04601e-10
6.65828   6.38297e-08   7.70072e-11
6.67201   4.93617e-08   5.58482e-11
6.68574   3.71272e-08   3.98083e-11
6.69947   2.80853e-08   2.77324e-11
6.7132   2.07642e-08   1.87338e-11
6.72693   1.49322e-08   1.21939e-11
6.74065   1.03792e-08   7.58352e-12
6.75438   6.91309e-09   4.45355e-12
6.76811   4.31687e-09   2.43069e-12
6.78184   2.4907e-09   1.22409e-12
6.79557   1.34597e-09   5.47533e-13
6.8093   6.33397e-10   2.03076e-13
6.82303   2.37348e-10   5.53838e-14
6.83675   5.98513e-11   7.76112e-15
6.85048   0   0
