# Output from MakeTOVProfile
# EOS = Tabulated(filename=/Users/mbdeaton/EsOS/SFHx_ColdTable.dat;)
# rho_c = 0.001
# r (iso) = 6.96757
#[1] r (isotropic coords)
#[2] rho (baryon density)
#[3] P
0   0.001   0.000100636
0.0139631   0.000999997   0.000100635
0.0279261   0.000999986   0.000100631
0.0418892   0.000999969   0.000100626
0.0558523   0.000999945   0.000100618
0.0698154   0.000999914   0.000100608
0.0837784   0.000999876   0.000100596
0.0977415   0.000999832   0.000100582
0.111705   0.00099978   0.000100566
0.125668   0.000999722   0.000100547
0.139631   0.000999656   0.000100526
0.153594   0.000999584   0.000100503
0.167557   0.000999505   0.000100478
0.18152   0.000999419   0.000100451
0.195483   0.000999327   0.000100421
0.209446   0.000999227   0.00010039
0.223409   0.000999121   0.000100356
0.237372   0.000999007   0.00010032
0.251335   0.000998887   0.000100281
0.265298   0.00099876   0.000100241
0.279261   0.000998626   0.000100198
0.293225   0.000998485   0.000100153
0.307188   0.000998338   0.000100107
0.321151   0.000998183   0.000100057
0.335114   0.000998022   0.000100006
0.349077   0.000997854   9.99528e-05
0.36304   0.000997679   9.98972e-05
0.377003   0.000997497   9.98395e-05
0.390966   0.000997308   9.97796e-05
0.404929   0.000997112   9.97176e-05
0.418892   0.00099691   9.96534e-05
0.432855   0.000996701   9.95871e-05
0.446818   0.000996484   9.95187e-05
0.460781   0.000996261   9.94481e-05
0.474744   0.000996032   9.93754e-05
0.488708   0.000995795   9.93005e-05
0.502671   0.000995552   9.92236e-05
0.516634   0.000995301   9.91445e-05
0.530597   0.000995044   9.90633e-05
0.54456   0.00099478   9.898e-05
0.558523   0.000994509   9.88946e-05
0.572486   0.000994232   9.8807e-05
0.586449   0.000993947   9.87174e-05
0.600412   0.000993656   9.86257e-05
0.614375   0.000993358   9.85319e-05
0.628338   0.000993053   9.8436e-05
0.642301   0.000992741   9.83381e-05
0.656264   0.000992423   9.8238e-05
0.670228   0.000992097   9.81359e-05
0.684191   0.000991765   9.80317e-05
0.698154   0.000991426   9.79255e-05
0.712117   0.000991081   9.78172e-05
0.72608   0.000990728   9.77069e-05
0.740043   0.000990369   9.75945e-05
0.754006   0.000990003   9.74801e-05
0.767969   0.00098963   9.73637e-05
0.781932   0.00098925   9.72452e-05
0.795895   0.000988864   9.71247e-05
0.809858   0.000988471   9.70022e-05
0.823821   0.000988071   9.68777e-05
0.837784   0.000987664   9.67512e-05
0.851747   0.00098725   9.66227e-05
0.865711   0.00098683   9.64923e-05
0.879674   0.000986403   9.63598e-05
0.893637   0.000985969   9.62254e-05
0.9076   0.000985528   9.6089e-05
0.921563   0.000985082   9.59506e-05
0.935526   0.000984629   9.58103e-05
0.949489   0.00098417   9.5668e-05
0.963452   0.000983704   9.55238e-05
0.977415   0.000983231   9.53776e-05
0.991378   0.000982751   9.52296e-05
1.00534   0.000982265   9.50796e-05
1.0193   0.000981772   9.49277e-05
1.03327   0.000981272   9.47739e-05
1.04723   0.000980765   9.46182e-05
1.06119   0.000980252   9.44606e-05
1.07516   0.000979732   9.43012e-05
1.08912   0.000979206   9.41398e-05
1.10308   0.000978672   9.39766e-05
1.11705   0.000978133   9.38116e-05
1.13101   0.000977586   9.36447e-05
1.14497   0.000977033   9.34759e-05
1.15894   0.000976473   9.33053e-05
1.1729   0.000975906   9.3133e-05
1.18686   0.000975333   9.29587e-05
1.20082   0.000974753   9.27827e-05
1.21479   0.000974166   9.26049e-05
1.22875   0.000973573   9.24253e-05
1.24271   0.000972973   9.22439e-05
1.25668   0.000972367   9.20608e-05
1.27064   0.000971754   9.18758e-05
1.2846   0.000971134   9.16892e-05
1.29857   0.000970507   9.15008e-05
1.31253   0.000969874   9.13106e-05
1.32649   0.000969253   9.11187e-05
1.34046   0.000968632   9.09251e-05
1.35442   0.000968004   9.07298e-05
1.36838   0.000967371   9.05328e-05
1.38234   0.00096673   9.03341e-05
1.39631   0.000966084   9.01337e-05
1.41027   0.000965431   8.99317e-05
1.42423   0.000964772   8.97279e-05
1.4382   0.000964106   8.95225e-05
1.45216   0.000963434   8.93155e-05
1.46612   0.000962755   8.91068e-05
1.48009   0.000962071   8.88965e-05
1.49405   0.000961379   8.86846e-05
1.50801   0.000960682   8.84711e-05
1.52197   0.000959978   8.82559e-05
1.53594   0.000959268   8.80392e-05
1.5499   0.000958551   8.78209e-05
1.56386   0.000957828   8.76011e-05
1.57783   0.000957099   8.73796e-05
1.59179   0.000956364   8.71567e-05
1.60575   0.000955622   8.69322e-05
1.61972   0.000954873   8.67061e-05
1.63368   0.000954119   8.64786e-05
1.64764   0.000953356   8.62495e-05
1.66161   0.000952588   8.6019e-05
1.67557   0.000951813   8.57869e-05
1.68953   0.000951032   8.55534e-05
1.70349   0.000950244   8.53185e-05
1.71746   0.00094945   8.5082e-05
1.73142   0.00094865   8.48442e-05
1.74538   0.000947843   8.46049e-05
1.75935   0.00094703   8.43641e-05
1.77331   0.000946211   8.4122e-05
1.78727   0.000945385   8.38785e-05
1.80124   0.000944553   8.36336e-05
1.8152   0.000943715   8.33873e-05
1.82916   0.000942871   8.31396e-05
1.84313   0.00094202   8.28906e-05
1.85709   0.000941163   8.26403e-05
1.87105   0.0009403   8.23886e-05
1.88501   0.00093943   8.21356e-05
1.89898   0.000938553   8.18813e-05
1.91294   0.000937669   8.16257e-05
1.9269   0.000936779   8.13688e-05
1.94087   0.000935883   8.11107e-05
1.95483   0.00093498   8.08512e-05
1.96879   0.000934071   8.05906e-05
1.98276   0.000933156   8.03287e-05
1.99672   0.000932234   8.00655e-05
2.01068   0.000931306   7.98012e-05
2.02465   0.000930372   7.95356e-05
2.03861   0.000929432   7.92689e-05
2.05257   0.000928485   7.90009e-05
2.06653   0.000927532   7.87319e-05
2.0805   0.000926573   7.84616e-05
2.09446   0.000925607   7.81902e-05
2.10842   0.000924635   7.79177e-05
2.12239   0.000923657   7.76441e-05
2.13635   0.00092267   7.73693e-05
2.15031   0.000921678   7.70935e-05
2.16428   0.000920679   7.68165e-05
2.17824   0.000919674   7.65385e-05
2.1922   0.000918663   7.62595e-05
2.20617   0.000917646   7.59794e-05
2.22013   0.000916622   7.56982e-05
2.23409   0.000915592   7.54161e-05
2.24805   0.000914555   7.51329e-05
2.26202   0.000913513   7.48488e-05
2.27598   0.000912464   7.45636e-05
2.28994   0.000911409   7.42775e-05
2.30391   0.000910347   7.39904e-05
2.31787   0.00090928   7.37024e-05
2.33183   0.000908204   7.34134e-05
2.3458   0.000907122   7.31235e-05
2.35976   0.000906034   7.28327e-05
2.37372   0.000904939   7.2541e-05
2.38769   0.000903838   7.22484e-05
2.40165   0.000902731   7.1955e-05
2.41561   0.000901618   7.16607e-05
2.42957   0.000900498   7.13655e-05
2.44354   0.000899372   7.10695e-05
2.4575   0.00089824   7.07727e-05
2.47146   0.000897101   7.04751e-05
2.48543   0.000895956   7.01766e-05
2.49939   0.000894805   6.98774e-05
2.51335   0.000893646   6.95775e-05
2.52732   0.000892481   6.92767e-05
2.54128   0.000891309   6.89752e-05
2.55524   0.000890131   6.8673e-05
2.56921   0.000888946   6.83701e-05
2.58317   0.000887755   6.80664e-05
2.59713   0.000886558   6.77621e-05
2.61109   0.000885355   6.74571e-05
2.62506   0.000884145   6.71514e-05
2.63902   0.00088293   6.6845e-05
2.65298   0.000881707   6.6538e-05
2.66695   0.000880479   6.62304e-05
2.68091   0.000879242   6.59221e-05
2.69487   0.000877999   6.56133e-05
2.70884   0.000876749   6.53038e-05
2.7228   0.000875493   6.49938e-05
2.73676   0.000874231   6.46832e-05
2.75073   0.000872962   6.43721e-05
2.76469   0.000871687   6.40604e-05
2.77865   0.000870406   6.37482e-05
2.79261   0.000869118   6.34354e-05
2.80658   0.000867824   6.31222e-05
2.82054   0.000866524   6.28085e-05
2.8345   0.000865215   6.24943e-05
2.84847   0.0008639   6.21796e-05
2.86243   0.000862578   6.18645e-05
2.87639   0.00086125   6.15489e-05
2.89036   0.000859916   6.12329e-05
2.90432   0.000858575   6.09165e-05
2.91828   0.000857228   6.05997e-05
2.93225   0.000855875   6.02825e-05
2.94621   0.000854515   5.99649e-05
2.96017   0.000853149   5.9647e-05
2.97413   0.000851792   5.93287e-05
2.9881   0.000850451   5.90101e-05
3.00206   0.000849103   5.86911e-05
3.01602   0.00084775   5.83718e-05
3.02999   0.00084639   5.80522e-05
3.04395   0.000845023   5.77322e-05
3.05791   0.00084365   5.7412e-05
3.07188   0.000842271   5.70915e-05
3.08584   0.000840886   5.67707e-05
3.0998   0.000839494   5.64497e-05
3.11377   0.00083811   5.61284e-05
3.12773   0.00083674   5.58069e-05
3.14169   0.000835363   5.54852e-05
3.15565   0.00083398   5.51632e-05
3.16962   0.000832591   5.4841e-05
3.18358   0.000831195   5.45186e-05
3.19754   0.000829792   5.41961e-05
3.21151   0.000828383   5.38733e-05
3.22547   0.000826968   5.35504e-05
3.23943   0.000825546   5.32274e-05
3.2534   0.000824115   5.29042e-05
3.26736   0.000822678   5.25809e-05
3.28132   0.000821234   5.22574e-05
3.29529   0.000819783   5.19339e-05
3.30925   0.000818326   5.16103e-05
3.32321   0.000816862   5.12866e-05
3.33717   0.000815392   5.09628e-05
3.35114   0.000813915   5.0639e-05
3.3651   0.000812431   5.03152e-05
3.37906   0.000810939   4.99913e-05
3.39303   0.000809439   4.96674e-05
3.40699   0.000807933   4.93435e-05
3.42095   0.00080642   4.90196e-05
3.43492   0.0008049   4.86957e-05
3.44888   0.000803373   4.83718e-05
3.46284   0.00080184   4.8048e-05
3.47681   0.0008003   4.77243e-05
3.49077   0.000798752   4.74006e-05
3.50473   0.000797195   4.7077e-05
3.51869   0.000795632   4.67534e-05
3.53266   0.000794062   4.643e-05
3.54662   0.000792484   4.61067e-05
3.56058   0.0007909   4.57835e-05
3.57455   0.000789309   4.54605e-05
3.58851   0.00078771   4.51376e-05
3.60247   0.000786105   4.48149e-05
3.61644   0.00078449   4.44923e-05
3.6304   0.000782867   4.41699e-05
3.64436   0.000781238   4.38478e-05
3.65833   0.000779602   4.35258e-05
3.67229   0.000777958   4.3204e-05
3.68625   0.000776307   4.28825e-05
3.70021   0.000774649   4.25612e-05
3.71418   0.000772983   4.22402e-05
3.72814   0.000771307   4.19195e-05
3.7421   0.000769624   4.1599e-05
3.75607   0.000767934   4.12788e-05
3.77003   0.000766237   4.09589e-05
3.78399   0.000764532   4.06393e-05
3.79796   0.00076282   4.03201e-05
3.81192   0.000761099   4.00012e-05
3.82588   0.000759369   3.96826e-05
3.83985   0.000757631   3.93644e-05
3.85381   0.000755886   3.90466e-05
3.86777   0.000754133   3.87291e-05
3.88173   0.000752372   3.84121e-05
3.8957   0.000750604   3.80954e-05
3.90966   0.000748827   3.77792e-05
3.92362   0.00074704   3.74634e-05
3.93759   0.000745246   3.7148e-05
3.95155   0.000743443   3.68331e-05
3.96551   0.000741633   3.65186e-05
3.97948   0.000739814   3.62046e-05
3.99344   0.000737988   3.58911e-05
4.0074   0.000736219   3.55781e-05
4.02137   0.000734493   3.52655e-05
4.03533   0.000732759   3.49534e-05
4.04929   0.000731017   3.46418e-05
4.06325   0.000729266   3.43307e-05
4.07722   0.000727507   3.402e-05
4.09118   0.00072574   3.37099e-05
4.10514   0.000723967   3.34002e-05
4.11911   0.000722187   3.30911e-05
4.13307   0.000720397   3.27825e-05
4.14703   0.0007186   3.24745e-05
4.161   0.000716793   3.2167e-05
4.17496   0.000714978   3.18601e-05
4.18892   0.000713152   3.15538e-05
4.20289   0.000711315   3.1248e-05
4.21685   0.00070947   3.09428e-05
4.23081   0.000707615   3.06383e-05
4.24477   0.000705751   3.03344e-05
4.25874   0.000703878   3.00311e-05
4.2727   0.000701994   2.97284e-05
4.28666   0.000700099   2.94264e-05
4.30063   0.000698194   2.9125e-05
4.31459   0.000696279   2.88243e-05
4.32855   0.000694355   2.85244e-05
4.34252   0.000692421   2.82251e-05
4.35648   0.000690476   2.79265e-05
4.37044   0.000688518   2.76286e-05
4.38441   0.000686551   2.73314e-05
4.39837   0.000684573   2.7035e-05
4.41233   0.000682586   2.67393e-05
4.42629   0.000680587   2.64444e-05
4.44026   0.000678576   2.61503e-05
4.45422   0.000676553   2.58569e-05
4.46818   0.00067452   2.55643e-05
4.48215   0.000672475   2.52726e-05
4.49611   0.00067042   2.49816e-05
4.51007   0.000668352   2.46915e-05
4.52404   0.000666271   2.44022e-05
4.538   0.000664179   2.41137e-05
4.55196   0.000662075   2.38261e-05
4.56592   0.00065996   2.35394e-05
4.57989   0.000657832   2.32536e-05
4.59385   0.00065569   2.29686e-05
4.60781   0.000653535   2.26845e-05
4.62178   0.000651369   2.24014e-05
4.63574   0.00064919   2.21191e-05
4.6497   0.000647028   2.18379e-05
4.66367   0.000644889   2.15575e-05
4.67763   0.000642738   2.1278e-05
4.69159   0.000640574   2.09995e-05
4.70556   0.000638396   2.07219e-05
4.71952   0.000636276   2.04453e-05
4.73348   0.000634182   2.01695e-05
4.74744   0.000632074   1.98947e-05
4.76141   0.000629953   1.96209e-05
4.77537   0.000627817   1.9348e-05
4.78933   0.000625664   1.9076e-05
4.8033   0.000623495   1.8805e-05
4.81726   0.000621311   1.8535e-05
4.83122   0.000619112   1.8266e-05
4.84519   0.000616897   1.79979e-05
4.85915   0.000614662   1.77309e-05
4.87311   0.000612412   1.74649e-05
4.88708   0.000610146   1.72e-05
4.90104   0.000607864   1.69361e-05
4.915   0.00060556   1.66732e-05
4.92896   0.00060324   1.64115e-05
4.94293   0.000600902   1.61508e-05
4.95689   0.000598546   1.58912e-05
4.97085   0.000596169   1.56327e-05
4.98482   0.000593773   1.53753e-05
4.99878   0.000591358   1.51191e-05
5.01274   0.000588924   1.4864e-05
5.02671   0.000586467   1.461e-05
5.04067   0.00058399   1.43573e-05
5.05463   0.000581492   1.41057e-05
5.0686   0.000578974   1.38553e-05
5.08256   0.00057643   1.36061e-05
5.09652   0.000573865   1.33582e-05
5.11048   0.000571277   1.31114e-05
5.12445   0.000568666   1.2866e-05
5.13841   0.000566029   1.26218e-05
5.15237   0.000563368   1.23788e-05
5.16634   0.000560684   1.21372e-05
5.1803   0.000558135   1.18968e-05
5.19426   0.000555577   1.16577e-05
5.20823   0.000552994   1.14198e-05
5.22219   0.000550403   1.11832e-05
5.23615   0.000547808   1.09478e-05
5.25012   0.000545186   1.07137e-05
5.26408   0.000542536   1.04809e-05
5.27804   0.00053985   1.02494e-05
5.292   0.000537135   1.00193e-05
5.30597   0.000534388   9.79044e-06
5.31993   0.000531605   9.56295e-06
5.33389   0.000528787   9.33684e-06
5.34786   0.000525936   9.11212e-06
5.36182   0.000523045   8.8888e-06
5.37578   0.000520117   8.66691e-06
5.38975   0.000517152   8.44646e-06
5.40371   0.000514142   8.22747e-06
5.41767   0.000511092   8.00997e-06
5.43164   0.000507999   7.79397e-06
5.4456   0.000504859   7.57949e-06
5.45956   0.000501675   7.36655e-06
5.47352   0.000498441   7.15519e-06
5.48749   0.000495157   6.94541e-06
5.50145   0.000491829   6.73725e-06
5.51541   0.000488465   6.53072e-06
5.52938   0.000485048   6.32583e-06
5.54334   0.000481665   6.1226e-06
5.5573   0.000478234   5.92102e-06
5.57127   0.000474738   5.72112e-06
5.58523   0.000471176   5.52293e-06
5.59919   0.000467544   5.32648e-06
5.61316   0.000463839   5.13179e-06
5.62712   0.000460057   4.9389e-06
5.64108   0.000456195   4.74785e-06
5.65504   0.000452247   4.55867e-06
5.66901   0.000448211   4.3714e-06
5.68297   0.000444078   4.18607e-06
5.69693   0.000439849   4.00273e-06
5.7109   0.000435509   3.82142e-06
5.72486   0.000431058   3.64219e-06
5.73882   0.000426488   3.46508e-06
5.75279   0.000421456   3.29021e-06
5.76675   0.000416105   3.11774e-06
5.78071   0.000410496   2.94779e-06
5.79468   0.000404728   2.78045e-06
5.80864   0.000398791   2.61578e-06
5.8226   0.000392669   2.45386e-06
5.83656   0.000386349   2.29475e-06
5.85053   0.000379813   2.13854e-06
5.86449   0.000373016   1.98532e-06
5.87845   0.00036426   1.83535e-06
5.89242   0.000352484   1.69004e-06
5.90638   0.000340524   1.54982e-06
5.92034   0.000328366   1.41476e-06
5.93431   0.000305377   1.28591e-06
5.94827   0.000243284   1.17202e-06
5.96223   0.000199906   1.08538e-06
5.9762   0.000180937   1.00973e-06
5.99016   0.000168953   9.40114e-07
6.00412   0.000157647   8.75342e-07
6.01808   0.000147435   8.15118e-07
6.03205   0.00013876   7.58794e-07
6.04601   0.000130037   7.06094e-07
6.05997   0.000122171   6.56883e-07
6.07394   0.000117411   6.103e-07
6.0879   0.000112928   5.6565e-07
6.10186   0.000108452   5.22905e-07
6.11583   0.000104123   4.82037e-07
6.12979   9.99473e-05   4.42949e-07
6.14375   9.57775e-05   4.05611e-07
6.15772   9.16243e-05   3.70007e-07
6.17168   8.75176e-05   3.3611e-07
6.18564   8.34115e-05   3.039e-07
6.1996   7.92966e-05   2.73364e-07
6.21357   7.51616e-05   2.44498e-07
6.22753   7.10268e-05   2.17291e-07
6.24149   6.68218e-05   1.91742e-07
6.25546   6.2603e-05   1.67859e-07
6.26942   5.82935e-05   1.45638e-07
6.28338   5.39492e-05   1.25102e-07
6.29735   4.94756e-05   1.06256e-07
6.31131   4.49564e-05   8.91211e-08
6.32527   4.0357e-05   7.37167e-08
6.33924   3.56669e-05   6.0052e-08
6.3532   3.09708e-05   4.81268e-08
6.36716   2.63512e-05   3.79178e-08
6.38112   2.19076e-05   2.93633e-08
6.39509   1.77518e-05   2.23724e-08
6.40905   1.40973e-05   1.67896e-08
6.42301   1.09377e-05   1.24249e-08
6.43698   8.3246e-06   9.0834e-09
6.45094   6.20036e-06   6.57784e-09
6.4649   4.49054e-06   4.74236e-09
6.47887   3.14763e-06   3.44197e-09
6.49283   2.12881e-06   2.548e-09
6.50679   1.37592e-06   1.95807e-09
6.52076   8.33805e-07   1.59443e-09
6.53472   6.67285e-07   1.34897e-09
6.54868   5.7783e-07   1.14073e-09
6.56264   5.01984e-07   9.60616e-10
6.57661   4.34644e-07   8.05106e-10
6.59057   3.74372e-07   6.71417e-10
6.60453   3.21272e-07   5.56994e-10
6.6185   2.74666e-07   4.5943e-10
6.63246   2.33819e-07   3.76554e-10
6.64642   1.91971e-07   3.07451e-10
6.66039   1.63347e-07   2.50074e-10
6.67435   1.38172e-07   2.01605e-10
6.68831   1.16062e-07   1.60927e-10
6.70228   9.67083e-08   1.27042e-10
6.71624   7.98634e-08   9.90541e-11
6.7302   6.35103e-08   7.64872e-11
6.74416   5.12762e-08   5.84688e-11
6.75813   4.01993e-08   4.42056e-11
6.77209   3.20665e-08   3.2964e-11
6.78605   2.52043e-08   2.40981e-11
6.80002   1.94744e-08   1.72155e-11
6.81398   1.47437e-08   1.19706e-11
6.82794   1.08974e-08   8.06111e-12
6.84191   7.82655e-09   5.22172e-12
6.85587   5.42601e-09   3.22364e-12
6.86983   3.56534e-09   1.87491e-12
6.8838   2.18467e-09   1.02445e-12
6.89776   1.29097e-09   5.11375e-13
6.91172   6.8924e-10   2.22111e-13
6.92568   3.10679e-10   7.85037e-14
6.93965   1.11102e-10   1.93308e-14
6.95361   2.15086e-11   1.93981e-15
6.96757   0   0
